2.180000000000000071e+01
2.189000000000000057e+01
2.176999999999999957e+01
2.182999999999999829e+01
2.160999999999999943e+01
2.119000000000000128e+01
2.130000000000000071e+01
2.148000000000000043e+01
2.128000000000000114e+01
2.189000000000000057e+01
2.169999999999999929e+01
2.294000000000000128e+01
2.219999999999999929e+01
2.148999999999999844e+01
2.142999999999999972e+01
2.160000000000000142e+01
2.144000000000000128e+01
2.092999999999999972e+01
2.064000000000000057e+01
2.064000000000000057e+01
2.069999999999999929e+01
2.046999999999999886e+01
2.055999999999999872e+01
2.012999999999999901e+01
2.010999999999999943e+01
2.025000000000000000e+01
2.057000000000000028e+01
2.069000000000000128e+01
2.103000000000000114e+01
2.121999999999999886e+01
2.135000000000000142e+01
2.117999999999999972e+01
2.096999999999999886e+01
2.037999999999999901e+01
2.046000000000000085e+01
2.067999999999999972e+01
2.055000000000000071e+01
2.062000000000000099e+01
2.003000000000000114e+01
2.010999999999999943e+01
2.026000000000000156e+01
2.035000000000000142e+01
1.960000000000000142e+01
1.962999999999999901e+01
1.885999999999999943e+01
1.871000000000000085e+01
1.812000000000000099e+01
1.839999999999999858e+01
1.837999999999999901e+01
1.901000000000000156e+01
1.942000000000000171e+01
1.967999999999999972e+01
1.926999999999999957e+01
1.882000000000000028e+01
1.935999999999999943e+01
1.923000000000000043e+01
1.930000000000000071e+01
1.964999999999999858e+01
2.019999999999999929e+01
1.944999999999999929e+01
2.001000000000000156e+01
2.087999999999999901e+01
2.046999999999999886e+01
2.019999999999999929e+01
1.962999999999999901e+01
2.098999999999999844e+01
2.010999999999999943e+01
2.023000000000000043e+01
2.032999999999999829e+01
2.067999999999999972e+01
2.048999999999999844e+01
2.094000000000000128e+01
2.069999999999999929e+01
1.987999999999999901e+01
1.873000000000000043e+01
1.898000000000000043e+01
1.957999999999999829e+01
1.944000000000000128e+01
2.137999999999999901e+01
2.176000000000000156e+01
2.162999999999999901e+01
2.126999999999999957e+01
2.139000000000000057e+01
2.105999999999999872e+01
2.069999999999999929e+01
2.144999999999999929e+01
2.198000000000000043e+01
2.180999999999999872e+01
2.153000000000000114e+01
2.223999999999999844e+01
2.146000000000000085e+01
