1.422000000000000774e+01
1.406000000000000760e+01
1.420000000000000639e+01
1.403000000000000647e+01
1.418000000000000682e+01
1.379000000000000625e+01
1.348000000000000753e+01
1.394000000000000661e+01
1.394000000000000661e+01
1.394000000000000661e+01
1.380000000000000782e+01
1.378000000000000647e+01
1.240000000000000746e+01
1.254000000000000625e+01
1.290000000000000746e+01
1.255000000000000782e+01
1.250000000000000711e+01
1.232000000000000739e+01
1.220000000000000639e+01
1.254000000000000625e+01
1.288000000000000789e+01
1.315000000000000746e+01
1.282000000000000739e+01
1.253000000000000647e+01
1.240000000000000746e+01
1.232000000000000739e+01
1.211000000000000654e+01
1.255000000000000782e+01
1.242000000000000703e+01
1.247000000000000774e+01
1.263000000000000789e+01
1.263000000000000789e+01
1.250000000000000711e+01
1.208000000000000718e+01
1.212000000000000632e+01
1.164000000000000767e+01
1.149000000000000732e+01
1.150000000000000711e+01
1.155000000000000782e+01
1.187000000000000632e+01
1.181000000000000760e+01
1.164000000000000767e+01
1.136000000000000654e+01
1.123000000000000753e+01
1.103000000000000647e+01
1.087000000000000632e+01
1.065000000000000746e+01
1.095000000000000639e+01
1.157000000000000739e+01
1.143000000000000682e+01
1.183000000000000718e+01
1.211000000000000654e+01
1.178000000000000647e+01
1.126000000000000689e+01
1.126000000000000689e+01
1.100000000000000711e+01
1.119000000000000661e+01
1.097000000000000774e+01
1.091000000000000725e+01
1.149000000000000732e+01
1.184000000000000696e+01
1.246000000000000796e+01
1.263000000000000789e+01
1.273000000000000753e+01
1.265000000000000746e+01
1.232000000000000739e+01
1.189000000000000767e+01
1.308000000000000718e+01
1.280000000000000782e+01
1.254000000000000625e+01
1.260000000000000675e+01
1.215000000000000746e+01
1.233000000000000718e+01
1.123000000000000753e+01
1.235000000000000675e+01
1.310000000000000675e+01
1.308000000000000718e+01
1.349000000000000732e+01
1.413000000000000789e+01
1.396000000000000796e+01
1.350000000000000711e+01
1.358000000000000718e+01
1.323000000000000753e+01
1.315000000000000746e+01
1.301000000000000689e+01
1.382000000000000739e+01
1.381000000000000760e+01
1.425000000000000711e+01
1.434000000000000696e+01
1.393000000000000682e+01
1.404000000000000625e+01
