5.930000000000002380e+00
5.950000000000002842e+00
5.980000000000003091e+00
5.950000000000002842e+00
6.120000000000002771e+00
5.950000000000002842e+00
6.300000000000002487e+00
6.320000000000002949e+00
6.710000000000002629e+00
7.160000000000002807e+00
7.360000000000002984e+00
7.560000000000002274e+00
7.560000000000002274e+00
7.680000000000002380e+00
7.690000000000003055e+00
7.690000000000003055e+00
7.830000000000002736e+00
7.370000000000002771e+00
8.110000000000002984e+00
7.600000000000002309e+00
7.470000000000002416e+00
7.550000000000002487e+00
7.440000000000003055e+00
7.110000000000002984e+00
6.970000000000002416e+00
6.950000000000002842e+00
6.850000000000002309e+00
6.930000000000002380e+00
6.850000000000002309e+00
6.780000000000002913e+00
6.750000000000002665e+00
6.670000000000002593e+00
6.800000000000002487e+00
6.650000000000003020e+00
6.970000000000002416e+00
6.890000000000002345e+00
7.190000000000003055e+00
7.160000000000002807e+00
7.000000000000002665e+00
6.840000000000002522e+00
7.210000000000002629e+00
7.390000000000002345e+00
7.100000000000002309e+00
7.390000000000002345e+00
7.710000000000002629e+00
7.860000000000002984e+00
7.600000000000002309e+00
7.070000000000002949e+00
7.340000000000002522e+00
7.380000000000002558e+00
7.650000000000003020e+00
7.520000000000002238e+00
7.220000000000002416e+00
7.260000000000002451e+00
7.000000000000002665e+00
6.800000000000002487e+00
6.880000000000002558e+00
6.790000000000002700e+00
6.810000000000002274e+00
6.890000000000002345e+00
7.020000000000002238e+00
6.880000000000002558e+00
6.920000000000002593e+00
7.180000000000002380e+00
7.300000000000002487e+00
7.120000000000002771e+00
6.800000000000002487e+00
6.820000000000002949e+00
6.490000000000002878e+00
6.600000000000002309e+00
6.250000000000002665e+00
6.290000000000002700e+00
6.040000000000002700e+00
6.010000000000002451e+00
5.810000000000002274e+00
5.950000000000002842e+00
6.290000000000002700e+00
6.290000000000002700e+00
6.410000000000002807e+00
6.600000000000002309e+00
6.950000000000002842e+00
6.950000000000002842e+00
6.680000000000002380e+00
6.720000000000002416e+00
6.520000000000002238e+00
6.680000000000002380e+00
6.560000000000002274e+00
6.840000000000002522e+00
6.700000000000002842e+00
6.650000000000003020e+00
6.460000000000002629e+00
