7.700000000000005507e+00
7.670000000000005258e+00
7.590000000000005187e+00
7.860000000000005649e+00
7.730000000000005755e+00
7.560000000000004938e+00
7.740000000000005542e+00
7.770000000000004903e+00
7.900000000000005684e+00
8.220000000000005969e+00
8.080000000000005400e+00
8.170000000000005258e+00
7.850000000000004974e+00
7.640000000000005009e+00
7.710000000000005294e+00
7.710000000000005294e+00
7.820000000000005613e+00
7.430000000000005045e+00
7.440000000000005720e+00
7.430000000000005045e+00
7.560000000000004938e+00
7.660000000000005471e+00
7.630000000000005222e+00
7.700000000000005507e+00
7.490000000000005542e+00
7.500000000000005329e+00
7.440000000000005720e+00
7.470000000000005080e+00
7.210000000000005294e+00
7.240000000000005542e+00
7.220000000000005080e+00
7.200000000000005507e+00
7.250000000000005329e+00
7.080000000000005400e+00
7.070000000000005613e+00
6.870000000000005436e+00
6.900000000000005684e+00
6.900000000000005684e+00
6.820000000000005613e+00
6.950000000000005507e+00
7.290000000000005365e+00
7.600000000000004974e+00
7.480000000000005755e+00
7.690000000000005720e+00
7.460000000000005294e+00
7.590000000000005187e+00
7.350000000000004974e+00
7.330000000000005400e+00
7.580000000000005400e+00
7.530000000000005578e+00
7.790000000000005365e+00
7.770000000000004903e+00
7.520000000000004903e+00
7.550000000000005151e+00
7.360000000000005649e+00
7.080000000000005400e+00
7.150000000000005684e+00
7.200000000000005507e+00
7.050000000000005151e+00
7.380000000000005222e+00
7.420000000000005258e+00
7.210000000000005294e+00
7.270000000000004903e+00
7.700000000000005507e+00
7.710000000000005294e+00
7.490000000000005542e+00
7.130000000000005222e+00
7.100000000000004974e+00
6.940000000000005720e+00
6.880000000000005222e+00
7.190000000000005720e+00
7.910000000000005471e+00
7.930000000000005045e+00
8.000000000000005329e+00
8.160000000000005471e+00
8.150000000000005684e+00
8.090000000000005187e+00
8.150000000000005684e+00
8.510000000000005116e+00
9.360000000000004761e+00
1.029000000000000448e+01
1.080000000000000604e+01
1.027000000000000490e+01
9.990000000000005542e+00
9.680000000000005045e+00
9.750000000000005329e+00
9.430000000000005045e+00
9.560000000000005826e+00
9.220000000000005969e+00
9.220000000000005969e+00
8.960000000000006182e+00
