2.013999999999998991e+01
1.978999999999998849e+01
1.949999999999998934e+01
1.933999999999998920e+01
1.936999999999999034e+01
1.894999999999998863e+01
1.910999999999998877e+01
1.940999999999998948e+01
1.904999999999999005e+01
1.932999999999998764e+01
1.882999999999998764e+01
1.915999999999998948e+01
1.919999999999998863e+01
1.905999999999998806e+01
1.915999999999998948e+01
1.900999999999999091e+01
1.902999999999999048e+01
1.889999999999998792e+01
1.899999999999998934e+01
1.896999999999998820e+01
1.932999999999998764e+01
1.922999999999998977e+01
1.911999999999999034e+01
1.904999999999999005e+01
1.884999999999999076e+01
1.890999999999998948e+01
1.889999999999998792e+01
1.899999999999998934e+01
1.908999999999998920e+01
1.888999999999998991e+01
1.887999999999998835e+01
1.883999999999998920e+01
1.878999999999998849e+01
1.794999999999998863e+01
1.782999999999998764e+01
1.728999999999998849e+01
1.739999999999998792e+01
1.811999999999999034e+01
1.762999999999998835e+01
1.749999999999998934e+01
1.746999999999998820e+01
1.746999999999998820e+01
1.710999999999998877e+01
1.710999999999998877e+01
1.660999999999998877e+01
1.688999999999998991e+01
1.651999999999998892e+01
1.680999999999998806e+01
1.671999999999998820e+01
1.689999999999998792e+01
1.719999999999998863e+01
1.690999999999998948e+01
1.666999999999999105e+01
1.620999999999999019e+01
1.617999999999998906e+01
1.610999999999998877e+01
1.601999999999998892e+01
1.541999999999998927e+01
1.599999999999998934e+01
1.609999999999999076e+01
1.623999999999998778e+01
1.632999999999998764e+01
1.632999999999998764e+01
1.652999999999999048e+01
1.607999999999998764e+01
1.560999999999998877e+01
1.564999999999998970e+01
1.567999999999998906e+01
1.531999999999998963e+01
1.518999999999998884e+01
1.528999999999998849e+01
1.520999999999999019e+01
1.469999999999998863e+01
1.394999999999998863e+01
1.379999999999999005e+01
1.383999999999998920e+01
1.403999999999998849e+01
1.441999999999999105e+01
1.472999999999998977e+01
1.500999999999998913e+01
1.528999999999998849e+01
1.496999999999999176e+01
1.509999999999998899e+01
1.522999999999998977e+01
1.491999999999999105e+01
1.513999999999998991e+01
1.502999999999998870e+01
1.509999999999998899e+01
1.493999999999998884e+01
1.521999999999998820e+01
1.510999999999998877e+01
