1.012000000000000632e+01
9.920000000000007034e+00
9.820000000000007390e+00
9.690000000000006608e+00
9.600000000000006750e+00
9.270000000000006679e+00
9.230000000000007532e+00
9.440000000000006608e+00
9.350000000000006750e+00
9.590000000000006963e+00
9.460000000000007958e+00
9.770000000000006679e+00
9.500000000000007105e+00
9.420000000000007034e+00
9.280000000000006466e+00
9.360000000000006537e+00
9.410000000000007248e+00
9.380000000000007887e+00
9.430000000000006821e+00
9.400000000000007461e+00
9.340000000000006963e+00
9.330000000000007176e+00
9.280000000000006466e+00
9.170000000000007034e+00
9.120000000000006324e+00
9.180000000000006821e+00
9.270000000000006679e+00
9.400000000000007461e+00
9.360000000000006537e+00
9.300000000000007816e+00
9.210000000000007958e+00
9.120000000000006324e+00
9.130000000000007887e+00
8.870000000000006324e+00
8.820000000000007390e+00
8.570000000000007390e+00
8.600000000000006750e+00
8.480000000000007532e+00
8.300000000000007816e+00
8.380000000000007887e+00
8.340000000000006963e+00
8.390000000000007674e+00
8.190000000000006608e+00
8.210000000000007958e+00
8.030000000000006466e+00
8.140000000000007674e+00
8.080000000000007176e+00
8.190000000000006608e+00
8.210000000000007958e+00
8.280000000000006466e+00
8.250000000000007105e+00
8.210000000000007958e+00
8.100000000000006750e+00
7.800000000000006928e+00
7.850000000000006750e+00
7.600000000000006750e+00
7.670000000000007034e+00
7.500000000000007105e+00
7.860000000000007425e+00
7.780000000000007354e+00
7.920000000000007034e+00
8.710000000000007958e+00
8.430000000000006821e+00
8.290000000000006253e+00
8.050000000000007816e+00
7.610000000000007425e+00
7.640000000000006786e+00
7.750000000000007105e+00
7.610000000000007425e+00
7.530000000000007354e+00
7.530000000000007354e+00
7.650000000000007461e+00
7.610000000000007425e+00
7.340000000000006963e+00
7.550000000000006928e+00
7.470000000000006857e+00
7.510000000000006892e+00
7.600000000000006750e+00
7.740000000000007319e+00
7.990000000000007319e+00
7.950000000000007283e+00
7.900000000000007461e+00
8.090000000000006963e+00
8.330000000000007176e+00
8.000000000000007105e+00
8.060000000000007603e+00
7.920000000000007034e+00
7.990000000000007319e+00
7.930000000000006821e+00
8.020000000000006679e+00
8.010000000000006892e+00
