9.060000000000005826e+00
9.120000000000004547e+00
9.400000000000005684e+00
8.860000000000004761e+00
8.870000000000004547e+00
8.860000000000004761e+00
9.370000000000004547e+00
9.650000000000005684e+00
9.590000000000005187e+00
9.480000000000005755e+00
9.500000000000005329e+00
9.420000000000005258e+00
9.470000000000005969e+00
9.480000000000005755e+00
9.350000000000004974e+00
9.380000000000006111e+00
9.200000000000004619e+00
9.250000000000005329e+00
9.220000000000005969e+00
9.220000000000005969e+00
9.200000000000004619e+00
9.130000000000006111e+00
9.220000000000005969e+00
9.370000000000004547e+00
9.490000000000005542e+00
9.490000000000005542e+00
9.490000000000005542e+00
9.440000000000004832e+00
8.980000000000005755e+00
8.080000000000005400e+00
8.140000000000005898e+00
8.140000000000005898e+00
8.220000000000005969e+00
8.120000000000004547e+00
8.080000000000005400e+00
7.990000000000005542e+00
8.000000000000005329e+00
8.200000000000004619e+00
8.400000000000005684e+00
8.550000000000006040e+00
8.650000000000005684e+00
8.580000000000005400e+00
8.610000000000004761e+00
8.580000000000005400e+00
8.580000000000005400e+00
8.520000000000004903e+00
8.500000000000005329e+00
8.600000000000004974e+00
7.740000000000005542e+00
6.970000000000005080e+00
6.270000000000004903e+00
5.640000000000005009e+00
5.080000000000005400e+00
4.570000000000005613e+00
4.110000000000005649e+00
3.700000000000005507e+00
3.330000000000005400e+00
3.250000000000004441e+00
3.110000000000005649e+00
3.240000000000005542e+00
3.310000000000004938e+00
3.410000000000005471e+00
3.310000000000004938e+00
3.340000000000005187e+00
3.190000000000005720e+00
3.010000000000005116e+00
3.100000000000005862e+00
3.000000000000005329e+00
2.880000000000004334e+00
2.640000000000005009e+00
2.720000000000005080e+00
2.570000000000004725e+00
2.760000000000005116e+00
2.590000000000005187e+00
2.570000000000004725e+00
2.560000000000004050e+00
2.520000000000005791e+00
2.520000000000005791e+00
2.770000000000005791e+00
3.050000000000005151e+00
3.360000000000005649e+00
3.250000000000004441e+00
3.350000000000006750e+00
3.690000000000005720e+00
4.060000000000004938e+00
4.350000000000004974e+00
3.920000000000005258e+00
4.190000000000005720e+00
3.770000000000005791e+00
3.620000000000006324e+00
3.980000000000005311e+00
