1.699000000000000909e+01
1.676000000000001222e+01
1.748000000000001108e+01
1.696000000000001151e+01
1.665000000000000924e+01
1.621000000000001151e+01
1.608000000000000895e+01
1.683000000000000895e+01
1.662000000000001165e+01
1.720000000000000995e+01
1.701000000000001222e+01
1.711000000000001009e+01
1.739000000000001123e+01
1.752000000000001023e+01
1.771000000000001151e+01
1.748000000000001108e+01
1.782000000000001094e+01
1.800000000000001066e+01
1.790000000000000924e+01
1.762000000000001165e+01
1.785000000000001208e+01
1.766000000000001080e+01
1.732000000000001094e+01
1.703000000000001180e+01
1.690000000000000924e+01
1.708000000000000895e+01
1.718000000000001037e+01
1.745000000000000995e+01
1.733000000000000895e+01
1.732000000000001094e+01
1.732000000000001094e+01
1.748000000000001108e+01
1.723000000000001108e+01
1.735000000000001208e+01
1.702000000000001023e+01
1.681000000000000938e+01
1.720000000000000995e+01
1.719000000000001194e+01
1.702000000000001023e+01
1.694000000000001194e+01
1.682000000000001094e+01
1.676000000000001222e+01
1.652000000000001023e+01
1.652000000000001023e+01
1.634000000000001052e+01
1.636000000000001009e+01
1.622000000000000952e+01
1.619000000000001194e+01
1.623000000000001108e+01
1.630000000000001137e+01
1.633000000000000895e+01
1.625000000000001066e+01
1.635000000000001208e+01
1.709000000000001052e+01
1.700000000000001066e+01
1.684000000000001052e+01
1.709000000000001052e+01
1.657000000000001094e+01
1.686000000000001009e+01
1.649000000000000909e+01
1.661000000000001009e+01
1.664000000000001123e+01
1.665000000000000924e+01
1.664000000000001123e+01
1.634000000000001052e+01
1.673000000000001108e+01
1.685000000000001208e+01
1.660000000000001208e+01
1.661000000000001009e+01
1.620000000000000995e+01
1.565000000000001101e+01
1.540000000000001101e+01
1.495000000000000995e+01
1.472000000000001130e+01
1.441000000000001080e+01
1.585000000000001030e+01
1.582000000000001094e+01
1.635000000000001208e+01
1.687000000000001165e+01
1.676000000000001222e+01
1.670000000000000995e+01
1.700000000000001066e+01
1.666000000000001080e+01
1.629000000000000981e+01
1.592000000000001059e+01
1.603000000000001180e+01
1.575000000000001066e+01
1.610000000000001208e+01
1.610000000000001208e+01
1.598000000000001108e+01
1.580000000000001137e+01
