1.813000000000000256e+01
1.770000000000000284e+01
1.776000000000000512e+01
1.763000000000000256e+01
1.777000000000000313e+01
1.775000000000000000e+01
1.763000000000000256e+01
1.796000000000000085e+01
1.832000000000000028e+01
1.770000000000000284e+01
1.764000000000000057e+01
1.784000000000000341e+01
1.810999999999999943e+01
1.781000000000000227e+01
1.766000000000000369e+01
1.718000000000000327e+01
1.737000000000000455e+01
1.782999999999999829e+01
1.846000000000000085e+01
1.885000000000000142e+01
1.885999999999999943e+01
1.962000000000000455e+01
1.935999999999999943e+01
1.906000000000000227e+01
1.950000000000000000e+01
1.970000000000000284e+01
1.974000000000000199e+01
2.005000000000000426e+01
1.963000000000000256e+01
1.953999999999999915e+01
1.930000000000000426e+01
1.891000000000000369e+01
1.871000000000000085e+01
1.871000000000000085e+01
1.864999999999999858e+01
1.852000000000000313e+01
1.888000000000000256e+01
1.874000000000000199e+01
1.901000000000000512e+01
1.895000000000000284e+01
1.835999999999999943e+01
1.828000000000000114e+01
1.789999999999999858e+01
1.800000000000000000e+01
1.826000000000000512e+01
1.803999999999999915e+01
1.885000000000000142e+01
1.917000000000000171e+01
1.920000000000000284e+01
1.934000000000000341e+01
1.860000000000000142e+01
1.817000000000000171e+01
1.956000000000000227e+01
1.989999999999999858e+01
1.985000000000000142e+01
2.038000000000000256e+01
2.100000000000000000e+01
2.070000000000000284e+01
2.017000000000000171e+01
2.100000000000000000e+01
2.270000000000000284e+01
2.234000000000000341e+01
2.246999999999999886e+01
2.223000000000000398e+01
2.203000000000000114e+01
2.249000000000000199e+01
2.237000000000000455e+01
2.307999999999999829e+01
2.281000000000000227e+01
2.309000000000000341e+01
2.455000000000000426e+01
2.328000000000000114e+01
2.495000000000000284e+01
2.460000000000000142e+01
2.492999999999999972e+01
2.480000000000000426e+01
2.457999999999999829e+01
2.382000000000000028e+01
2.430000000000000426e+01
2.385000000000000142e+01
2.237999999999999901e+01
2.192999999999999972e+01
2.216000000000000369e+01
2.209000000000000341e+01
2.138000000000000256e+01
2.145000000000000284e+01
2.164999999999999858e+01
2.301000000000000156e+01
2.292000000000000171e+01
2.234000000000000341e+01
2.160000000000000142e+01
