4.150000000000003908e+00
4.090000000000003411e+00
4.100000000000003197e+00
4.070000000000003837e+00
4.010000000000003340e+00
3.930000000000003713e+00
4.020000000000003126e+00
4.070000000000003837e+00
4.050000000000003375e+00
4.160000000000003695e+00
4.090000000000003411e+00
4.120000000000003659e+00
4.030000000000003801e+00
4.170000000000003482e+00
4.360000000000003872e+00
4.200000000000003730e+00
4.240000000000003766e+00
4.140000000000003233e+00
4.090000000000003411e+00
4.090000000000003411e+00
4.080000000000003624e+00
4.060000000000003162e+00
4.050000000000003375e+00
4.030000000000003801e+00
4.050000000000003375e+00
4.050000000000003375e+00
4.180000000000003268e+00
4.150000000000003908e+00
4.110000000000003872e+00
4.080000000000003624e+00
4.150000000000003908e+00
4.060000000000003162e+00
4.060000000000003162e+00
4.020000000000003126e+00
4.010000000000003340e+00
3.940000000000003499e+00
3.970000000000003748e+00
3.920000000000003482e+00
3.870000000000003659e+00
3.910000000000003695e+00
3.910000000000003695e+00
3.910000000000003695e+00
3.790000000000003588e+00
3.780000000000003357e+00
3.700000000000003730e+00
3.910000000000003695e+00
3.590000000000003411e+00
3.950000000000003730e+00
3.970000000000003748e+00
3.910000000000003695e+00
4.050000000000003375e+00
4.050000000000003375e+00
4.140000000000003233e+00
3.990000000000003766e+00
3.870000000000003659e+00
3.850000000000003642e+00
3.810000000000003606e+00
3.760000000000003340e+00
3.810000000000003606e+00
3.820000000000003393e+00
3.810000000000003606e+00
3.800000000000003375e+00
3.750000000000003553e+00
3.740000000000003766e+00
3.780000000000003357e+00
3.750000000000003553e+00
3.730000000000003535e+00
3.790000000000003588e+00
3.810000000000003606e+00
3.720000000000003748e+00
3.720000000000003748e+00
3.650000000000003464e+00
3.670000000000003482e+00
3.590000000000003411e+00
3.710000000000003517e+00
3.710000000000003517e+00
3.700000000000003730e+00
3.680000000000003713e+00
3.690000000000003499e+00
3.720000000000003748e+00
3.750000000000003553e+00
3.660000000000003695e+00
3.610000000000003428e+00
3.580000000000003624e+00
3.590000000000003411e+00
3.630000000000003446e+00
3.570000000000003393e+00
3.600000000000003642e+00
3.620000000000003659e+00
3.630000000000003446e+00
3.660000000000003695e+00
