2.809999999999998721e+00
2.819999999999998508e+00
2.819999999999998508e+00
2.809999999999998721e+00
2.789999999999998703e+00
2.689999999999998614e+00
2.619999999999998774e+00
2.659999999999998810e+00
2.639999999999998792e+00
2.679999999999998828e+00
2.709999999999998632e+00
2.749999999999998668e+00
2.719999999999998863e+00
2.709999999999998632e+00
2.719999999999998863e+00
2.719999999999998863e+00
2.729999999999998650e+00
2.749999999999998668e+00
2.729999999999998650e+00
2.719999999999998863e+00
2.729999999999998650e+00
2.749999999999998668e+00
2.729999999999998650e+00
2.729999999999998650e+00
2.739999999999998881e+00
2.719999999999998863e+00
2.719999999999998863e+00
2.729999999999998650e+00
2.829999999999998739e+00
2.769999999999998685e+00
2.759999999999998455e+00
2.729999999999998650e+00
2.729999999999998650e+00
2.689999999999998614e+00
2.679999999999998828e+00
2.629999999999998561e+00
2.659999999999998810e+00
2.649999999999998579e+00
2.649999999999998579e+00
2.649999999999998579e+00
2.629999999999998561e+00
2.639999999999998792e+00
2.609999999999998543e+00
2.619999999999998774e+00
2.559999999999998721e+00
2.559999999999998721e+00
2.509999999999998455e+00
2.509999999999998455e+00
2.519999999999998685e+00
2.539999999999998703e+00
2.519999999999998685e+00
2.569999999999998508e+00
2.679999999999998828e+00
2.589999999999998526e+00
2.539999999999998703e+00
2.519999999999998685e+00
2.529999999999998472e+00
2.549999999999998490e+00
2.699999999999998845e+00
2.609999999999998543e+00
2.619999999999998774e+00
2.619999999999998774e+00
2.689999999999998614e+00
2.639999999999998792e+00
2.599999999999998757e+00
2.539999999999998703e+00
2.529999999999998472e+00
2.549999999999998490e+00
2.519999999999998685e+00
2.479999999999998650e+00
2.339999999999998526e+00
2.319999999999998508e+00
2.259999999999998455e+00
2.179999999999998828e+00
2.169999999999998597e+00
2.179999999999998828e+00
2.219999999999998863e+00
2.239999999999998881e+00
2.289999999999998703e+00
2.389999999999998792e+00
2.399999999999998579e+00
2.369999999999998774e+00
2.379999999999998561e+00
2.379999999999998561e+00
2.349999999999998757e+00
2.369999999999998774e+00
2.359999999999998543e+00
2.379999999999998561e+00
2.399999999999998579e+00
2.419999999999998597e+00
2.409999999999998810e+00
