8.600000000000010969e-01
8.200000000000010614e-01
7.400000000000011013e-01
6.700000000000011502e-01
6.000000000000010880e-01
5.400000000000011458e-01
4.900000000000011013e-01
4.400000000000011680e-01
4.000000000000012434e-01
3.600000000000012079e-01
3.200000000000011724e-01
2.900000000000011458e-01
2.600000000000011191e-01
2.600000000000011191e-01
2.500000000000011102e-01
2.400000000000011013e-01
2.500000000000011102e-01
2.500000000000011102e-01
2.500000000000011102e-01
2.500000000000011102e-01
2.500000000000011102e-01
2.600000000000011191e-01
2.700000000000011280e-01
2.700000000000011280e-01
2.600000000000011191e-01
2.700000000000011280e-01
2.700000000000011280e-01
2.700000000000011280e-01
2.700000000000011280e-01
2.700000000000011280e-01
2.700000000000011280e-01
2.700000000000011280e-01
