5.970000000000004192e+00
5.890000000000004121e+00
5.820000000000004725e+00
5.760000000000004228e+00
5.840000000000004299e+00
5.720000000000004192e+00
5.770000000000004015e+00
5.880000000000004334e+00
5.810000000000004050e+00
5.930000000000004157e+00
5.830000000000004512e+00
5.950000000000004619e+00
5.780000000000004690e+00
5.750000000000004441e+00
5.740000000000004654e+00
5.670000000000004370e+00
5.720000000000004192e+00
5.790000000000004476e+00
5.810000000000004050e+00
5.770000000000004015e+00
5.770000000000004015e+00
5.770000000000004015e+00
5.740000000000004654e+00
5.680000000000004157e+00
5.630000000000004334e+00
5.690000000000004832e+00
5.730000000000004867e+00
5.770000000000004015e+00
5.830000000000004512e+00
5.820000000000004725e+00
5.760000000000004228e+00
5.670000000000004370e+00
5.640000000000004121e+00
5.520000000000004015e+00
5.450000000000004619e+00
5.320000000000004725e+00
5.370000000000004547e+00
5.500000000000004441e+00
5.490000000000004654e+00
5.520000000000004015e+00
5.520000000000004015e+00
5.490000000000004654e+00
5.420000000000004370e+00
5.880000000000004334e+00
5.720000000000004192e+00
5.650000000000004796e+00
5.500000000000004441e+00
5.530000000000004690e+00
5.540000000000004476e+00
5.610000000000004761e+00
5.520000000000004015e+00
5.440000000000004832e+00
5.380000000000004334e+00
5.220000000000004192e+00
5.230000000000004867e+00
5.160000000000004583e+00
5.140000000000004121e+00
5.080000000000004512e+00
5.320000000000004725e+00
5.290000000000004476e+00
5.340000000000004299e+00
5.460000000000004405e+00
5.340000000000004299e+00
5.330000000000004512e+00
5.170000000000004370e+00
5.080000000000004512e+00
5.070000000000004725e+00
5.080000000000004512e+00
5.040000000000004476e+00
4.860000000000004761e+00
4.930000000000004157e+00
4.960000000000004405e+00
4.860000000000004761e+00
4.740000000000004654e+00
4.800000000000004263e+00
4.810000000000004050e+00
4.840000000000004299e+00
4.850000000000004086e+00
4.980000000000004867e+00
5.130000000000004334e+00
5.200000000000004619e+00
5.100000000000004086e+00
5.210000000000004405e+00
5.390000000000004121e+00
5.160000000000004583e+00
5.190000000000004832e+00
5.120000000000004547e+00
5.170000000000004370e+00
5.150000000000004796e+00
5.180000000000004157e+00
5.150000000000004796e+00
