2.700000000000004174e+00
2.580000000000004068e+00
2.590000000000003855e+00
2.620000000000004103e+00
2.590000000000003855e+00
2.480000000000003979e+00
2.400000000000003908e+00
2.450000000000004174e+00
2.460000000000003961e+00
2.510000000000003784e+00
2.490000000000004210e+00
2.530000000000003801e+00
2.520000000000004015e+00
2.530000000000003801e+00
2.560000000000004050e+00
2.600000000000004086e+00
2.610000000000003872e+00
2.600000000000004086e+00
2.640000000000004121e+00
2.770000000000004015e+00
2.740000000000004210e+00
2.660000000000004139e+00
2.690000000000003944e+00
2.670000000000003926e+00
2.620000000000004103e+00
2.520000000000004015e+00
2.510000000000003784e+00
2.530000000000003801e+00
2.580000000000004068e+00
2.590000000000003855e+00
2.570000000000003837e+00
2.610000000000003872e+00
2.640000000000004121e+00
2.590000000000003855e+00
2.560000000000004050e+00
2.500000000000003997e+00
2.630000000000003890e+00
2.610000000000003872e+00
2.540000000000004032e+00
2.560000000000004050e+00
2.540000000000004032e+00
2.520000000000004015e+00
2.440000000000003944e+00
2.520000000000004015e+00
2.420000000000003926e+00
2.440000000000003944e+00
2.430000000000004157e+00
2.430000000000004157e+00
2.420000000000003926e+00
2.410000000000004139e+00
2.420000000000003926e+00
2.410000000000004139e+00
2.330000000000004068e+00
2.380000000000003890e+00
2.340000000000003855e+00
2.230000000000003979e+00
2.220000000000004192e+00
2.120000000000004103e+00
2.130000000000003890e+00
2.240000000000004210e+00
2.260000000000003784e+00
2.370000000000004103e+00
2.360000000000003872e+00
2.370000000000004103e+00
2.350000000000004086e+00
2.350000000000004086e+00
2.340000000000003855e+00
2.460000000000003961e+00
2.410000000000004139e+00
2.390000000000004121e+00
2.330000000000004068e+00
2.360000000000003872e+00
2.340000000000003855e+00
2.230000000000003979e+00
2.200000000000004174e+00
2.210000000000003961e+00
2.220000000000004192e+00
2.260000000000003784e+00
2.300000000000003819e+00
2.370000000000004103e+00
2.400000000000003908e+00
2.380000000000003890e+00
2.390000000000004121e+00
2.450000000000004174e+00
2.410000000000004139e+00
2.430000000000004157e+00
2.410000000000004139e+00
2.450000000000004174e+00
2.490000000000004210e+00
2.610000000000003872e+00
2.550000000000003819e+00
