6.040000000000002700e+00
5.970000000000002416e+00
5.900000000000003020e+00
5.830000000000002736e+00
5.730000000000003091e+00
5.840000000000002522e+00
6.420000000000002593e+00
6.660000000000002807e+00
6.590000000000002522e+00
6.620000000000002771e+00
6.820000000000002949e+00
6.930000000000002380e+00
6.810000000000002274e+00
6.650000000000003020e+00
7.040000000000002700e+00
6.750000000000002665e+00
6.820000000000002949e+00
6.710000000000002629e+00
6.650000000000003020e+00
6.740000000000002878e+00
6.730000000000003091e+00
6.710000000000002629e+00
6.760000000000002451e+00
6.760000000000002451e+00
6.940000000000003055e+00
6.860000000000002984e+00
6.770000000000002238e+00
6.890000000000002345e+00
7.280000000000002913e+00
7.010000000000002451e+00
6.860000000000002984e+00
7.060000000000002274e+00
7.100000000000002309e+00
6.830000000000002736e+00
6.650000000000003020e+00
6.440000000000003055e+00
6.450000000000002842e+00
6.470000000000002416e+00
6.640000000000002345e+00
6.660000000000002807e+00
6.650000000000003020e+00
6.820000000000002949e+00
6.650000000000003020e+00
6.710000000000002629e+00
6.520000000000002238e+00
6.440000000000003055e+00
6.210000000000002629e+00
6.460000000000002629e+00
6.480000000000003091e+00
6.610000000000002984e+00
6.700000000000002842e+00
6.930000000000002380e+00
6.790000000000002700e+00
6.500000000000002665e+00
6.690000000000003055e+00
6.740000000000002878e+00
7.010000000000002451e+00
7.200000000000002842e+00
7.060000000000002274e+00
7.190000000000003055e+00
7.220000000000002416e+00
6.880000000000002558e+00
6.910000000000002807e+00
6.840000000000002522e+00
7.080000000000002736e+00
7.210000000000002629e+00
7.200000000000002842e+00
7.050000000000002487e+00
6.630000000000002558e+00
6.460000000000002629e+00
6.390000000000002345e+00
6.320000000000002949e+00
6.040000000000002700e+00
6.110000000000002984e+00
5.920000000000002593e+00
5.930000000000002380e+00
6.080000000000002736e+00
6.170000000000002593e+00
6.270000000000002238e+00
6.380000000000002558e+00
6.340000000000002522e+00
6.170000000000002593e+00
6.200000000000002842e+00
6.170000000000002593e+00
6.050000000000002487e+00
6.190000000000003055e+00
6.160000000000002807e+00
6.210000000000002629e+00
6.140000000000002345e+00
6.150000000000003020e+00
6.120000000000002771e+00
