1.525999999999998913e+01
1.539999999999998970e+01
1.503999999999998849e+01
1.479999999999999005e+01
1.466999999999998927e+01
1.398999999999998956e+01
1.404999999999999005e+01
1.448999999999998956e+01
1.422999999999998977e+01
1.460999999999998877e+01
1.437999999999999012e+01
1.494999999999998863e+01
1.464999999999998970e+01
1.462999999999999012e+01
1.430999999999998984e+01
1.368999999999998884e+01
1.438999999999998991e+01
1.400999999999998913e+01
1.391999999999998927e+01
1.387999999999999012e+01
1.384999999999998899e+01
1.384999999999998899e+01
1.400999999999998913e+01
1.383999999999998920e+01
1.337999999999999012e+01
1.348999999999998956e+01
1.381999999999998963e+01
1.365999999999998948e+01
1.366999999999998927e+01
1.354999999999999005e+01
1.357999999999998941e+01
1.325999999999998913e+01
1.309999999999998899e+01
1.279999999999999005e+01
1.248999999999998956e+01
1.227999999999998870e+01
1.254999999999999005e+01
1.259999999999998899e+01
1.244999999999998863e+01
1.244999999999998863e+01
1.238999999999998991e+01
1.239999999999998970e+01
1.213999999999998991e+01
1.234999999999998899e+01
1.180999999999998984e+01
1.182999999999998941e+01
1.147999999999998977e+01
1.184999999999998899e+01
1.215999999999998948e+01
1.216999999999998927e+01
1.199999999999998934e+01
1.184999999999998899e+01
1.186999999999998856e+01
1.110999999999998877e+01
1.130999999999998984e+01
1.105999999999998984e+01
1.090999999999998948e+01
1.072999999999998977e+01
1.125999999999998913e+01
1.122999999999998977e+01
1.152999999999998870e+01
1.214999999999998970e+01
1.158999999999998920e+01
1.141999999999998927e+01
1.096999999999998998e+01
1.074999999999998934e+01
1.073999999999998956e+01
1.089999999999998970e+01
1.084999999999998899e+01
1.021999999999998998e+01
1.055999999999998984e+01
1.063999999999998991e+01
1.032999999999998941e+01
9.879999999999990123e+00
9.999999999999989342e+00
9.799999999999990052e+00
9.929999999999989058e+00
1.005999999999998984e+01
1.045999999999999019e+01
1.087999999999999012e+01
1.139999999999998970e+01
1.099999999999998934e+01
1.132999999999998941e+01
1.209999999999998899e+01
1.112999999999999012e+01
1.145999999999999019e+01
1.117999999999998906e+01
1.146999999999998998e+01
1.120999999999999019e+01
1.120999999999999019e+01
1.132999999999998941e+01
