1.073000000000000931e+01
1.079000000000000803e+01
1.070000000000000817e+01
1.068000000000000860e+01
1.055000000000000959e+01
1.005000000000000959e+01
1.023000000000000931e+01
1.029000000000000803e+01
1.016000000000000902e+01
1.040000000000000924e+01
1.023000000000000931e+01
1.055000000000000959e+01
1.040000000000000924e+01
1.021000000000000973e+01
1.024000000000000909e+01
1.012000000000000810e+01
1.017000000000000881e+01
1.010000000000000853e+01
1.033000000000000895e+01
1.021000000000000973e+01
1.010000000000000853e+01
1.011000000000000831e+01
1.007000000000000917e+01
1.008000000000000895e+01
9.990000000000009095e+00
9.940000000000008384e+00
1.000000000000000888e+01
1.019000000000000838e+01
1.036000000000000831e+01
1.036000000000000831e+01
1.044000000000000838e+01
1.030000000000000959e+01
1.010000000000000853e+01
1.000000000000000888e+01
9.960000000000009734e+00
9.800000000000009592e+00
9.720000000000009521e+00
9.520000000000008455e+00
9.300000000000009592e+00
9.440000000000008384e+00
9.490000000000009095e+00
9.650000000000009237e+00
9.650000000000009237e+00
9.540000000000008029e+00
9.300000000000009592e+00
9.640000000000009450e+00
9.910000000000009024e+00
1.013000000000000966e+01
1.024000000000000909e+01
9.990000000000009095e+00
1.038000000000000966e+01
9.880000000000009663e+00
9.340000000000008740e+00
9.050000000000009592e+00
9.030000000000008242e+00
8.850000000000008527e+00
8.980000000000009308e+00
8.780000000000008242e+00
8.700000000000008171e+00
8.960000000000009734e+00
9.860000000000008313e+00
1.085000000000000853e+01
1.194000000000000838e+01
1.233000000000000895e+01
1.135000000000000853e+01
1.022000000000000952e+01
9.200000000000008171e+00
8.550000000000009592e+00
8.770000000000008455e+00
8.400000000000009237e+00
8.230000000000009308e+00
8.230000000000009308e+00
8.230000000000009308e+00
8.080000000000008953e+00
7.960000000000008846e+00
8.310000000000009379e+00
8.310000000000009379e+00
8.390000000000009450e+00
8.570000000000009166e+00
8.760000000000008669e+00
8.770000000000008455e+00
8.800000000000009592e+00
8.770000000000008455e+00
8.900000000000009237e+00
8.710000000000009734e+00
8.920000000000008811e+00
8.800000000000009592e+00
8.880000000000009663e+00
8.760000000000008669e+00
8.900000000000009237e+00
8.800000000000009592e+00
