8.370000000000000995e+00
8.269999999999999574e+00
8.260000000000001563e+00
8.179999999999999716e+00
8.109999999999999432e+00
7.790000000000000924e+00
7.690000000000001279e+00
7.900000000000001243e+00
7.790000000000000924e+00
7.890000000000000568e+00
7.800000000000000711e+00
8.000000000000000000e+00
7.950000000000001066e+00
7.930000000000000604e+00
7.840000000000000746e+00
7.760000000000000675e+00
7.910000000000001030e+00
7.960000000000000853e+00
8.010000000000001563e+00
7.960000000000000853e+00
8.019999999999999574e+00
8.130000000000002558e+00
8.050000000000000711e+00
7.860000000000001208e+00
7.800000000000000711e+00
7.830000000000000959e+00
7.820000000000001172e+00
7.890000000000000568e+00
7.970000000000000639e+00
8.109999999999999432e+00
8.030000000000001137e+00
8.080000000000001847e+00
7.990000000000001101e+00
7.770000000000000462e+00
7.820000000000001172e+00
7.750000000000000888e+00
7.900000000000001243e+00
7.760000000000000675e+00
7.990000000000001101e+00
7.980000000000001315e+00
7.950000000000001066e+00
8.070000000000000284e+00
8.010000000000001563e+00
8.240000000000001990e+00
8.019999999999999574e+00
7.810000000000000497e+00
7.800000000000000711e+00
7.490000000000001101e+00
7.460000000000000853e+00
7.500000000000000888e+00
7.680000000000000604e+00
7.820000000000001172e+00
7.760000000000000675e+00
7.500000000000000888e+00
7.390000000000000568e+00
7.080000000000000959e+00
7.100000000000000533e+00
6.790000000000000924e+00
6.850000000000000533e+00
6.900000000000001243e+00
7.000000000000000888e+00
7.020000000000000462e+00
6.910000000000001030e+00
6.940000000000001279e+00
6.810000000000000497e+00
6.730000000000001315e+00
6.610000000000001208e+00
6.500000000000000888e+00
6.350000000000000533e+00
6.260000000000000675e+00
6.270000000000000462e+00
6.290000000000000924e+00
6.130000000000000782e+00
5.970000000000000639e+00
6.020000000000000462e+00
6.030000000000001137e+00
6.110000000000001208e+00
6.260000000000000675e+00
6.420000000000000817e+00
6.700000000000001066e+00
6.820000000000001172e+00
6.730000000000001315e+00
6.680000000000000604e+00
6.690000000000001279e+00
6.620000000000000995e+00
6.690000000000001279e+00
6.740000000000001101e+00
7.170000000000000817e+00
7.050000000000000711e+00
7.760000000000000675e+00
7.400000000000001243e+00
