2.608999999999999275e+01
2.639999999999999147e+01
2.716999999999999460e+01
2.659999999999999432e+01
2.569999999999999218e+01
2.599999999999999289e+01
2.550999999999999446e+01
2.680999999999999162e+01
2.683999999999999275e+01
2.785999999999999233e+01
2.881999999999999318e+01
2.881999999999999318e+01
3.058999999999999275e+01
3.061999999999999389e+01
3.060999999999999233e+01
2.819999999999999218e+01
2.964999999999999147e+01
3.261999999999999034e+01
3.145999999999999375e+01
3.120999999999999375e+01
3.016999999999999460e+01
2.976999999999999247e+01
2.869999999999999218e+01
2.834999999999999432e+01
2.761999999999999389e+01
2.769999999999999218e+01
2.637999999999999190e+01
2.640999999999999304e+01
2.625999999999999446e+01
2.529999999999999361e+01
2.531999999999999318e+01
2.439999999999999147e+01
2.478999999999999204e+01
2.591999999999999460e+01
2.332999999999999119e+01
2.360999999999999233e+01
2.315999999999999304e+01
2.317999999999999261e+01
2.266999999999999460e+01
2.271999999999999176e+01
2.260999999999999233e+01
2.261999999999999389e+01
2.171999999999999176e+01
2.170999999999999375e+01
2.044999999999999218e+01
2.065999999999999304e+01
2.046999999999999176e+01
2.069999999999999218e+01
2.101999999999999247e+01
2.087999999999999190e+01
2.001999999999999247e+01
1.904999999999999361e+01
1.921999999999999176e+01
1.820999999999999375e+01
1.865999999999999304e+01
1.794999999999999218e+01
1.784999999999999432e+01
1.862999999999999190e+01
1.982999999999999119e+01
2.082999999999999119e+01
2.038999999999999346e+01
2.023999999999999133e+01
1.968999999999999417e+01
1.924999999999999289e+01
1.945999999999999375e+01
1.996999999999999176e+01
1.931999999999999318e+01
2.025999999999999446e+01
1.913999999999999346e+01
1.816999999999999460e+01
1.820999999999999375e+01
1.764999999999999147e+01
1.683999999999999275e+01
1.666999999999999460e+01
1.692999999999999261e+01
1.699999999999999289e+01
1.797999999999999332e+01
1.851999999999999247e+01
1.936999999999999389e+01
1.860999999999999233e+01
1.892999999999999261e+01
1.880999999999999162e+01
1.884999999999999432e+01
1.911999999999999389e+01
1.898999999999999133e+01
1.878999999999999204e+01
1.813999999999999346e+01
1.853999999999999204e+01
1.837999999999999190e+01
