2.640000000000001013e+00
2.640000000000001013e+00
2.660000000000001030e+00
2.620000000000000995e+00
2.570000000000000728e+00
2.530000000000000693e+00
2.540000000000000924e+00
2.590000000000000746e+00
2.570000000000000728e+00
2.650000000000000799e+00
2.610000000000000764e+00
2.650000000000000799e+00
2.630000000000000782e+00
2.620000000000000995e+00
2.620000000000000995e+00
2.680000000000001048e+00
2.690000000000000835e+00
2.670000000000000817e+00
2.670000000000000817e+00
2.670000000000000817e+00
2.670000000000000817e+00
2.700000000000001066e+00
2.680000000000001048e+00
2.650000000000000799e+00
2.600000000000000977e+00
2.580000000000000959e+00
2.580000000000000959e+00
2.600000000000000977e+00
2.590000000000000746e+00
2.600000000000000977e+00
2.610000000000000764e+00
2.580000000000000959e+00
2.560000000000000941e+00
2.520000000000000906e+00
2.550000000000000711e+00
2.530000000000000693e+00
2.530000000000000693e+00
2.520000000000000906e+00
2.550000000000000711e+00
2.550000000000000711e+00
2.540000000000000924e+00
2.550000000000000711e+00
2.540000000000000924e+00
2.540000000000000924e+00
2.510000000000000675e+00
2.520000000000000906e+00
2.490000000000001101e+00
2.500000000000000888e+00
2.490000000000001101e+00
2.530000000000000693e+00
2.520000000000000906e+00
2.470000000000001084e+00
2.400000000000000799e+00
2.380000000000000782e+00
2.370000000000000995e+00
2.290000000000000924e+00
2.300000000000000711e+00
2.200000000000001066e+00
2.200000000000001066e+00
2.260000000000000675e+00
2.280000000000000693e+00
2.320000000000000728e+00
2.320000000000000728e+00
2.320000000000000728e+00
2.260000000000000675e+00
2.210000000000000853e+00
2.180000000000001048e+00
2.200000000000001066e+00
2.200000000000001066e+00
2.140000000000001013e+00
1.940000000000000835e+00
1.950000000000000844e+00
1.940000000000000835e+00
1.820000000000000950e+00
1.820000000000000950e+00
1.820000000000000950e+00
1.870000000000000995e+00
1.900000000000000799e+00
1.990000000000000879e+00
2.050000000000000711e+00
2.140000000000001013e+00
2.100000000000000977e+00
2.140000000000001013e+00
2.130000000000000782e+00
2.140000000000001013e+00
2.230000000000000870e+00
2.220000000000001084e+00
2.240000000000001101e+00
2.260000000000000675e+00
2.330000000000000959e+00
2.250000000000000888e+00
