2.787999999999998479e+01
2.799999999999998579e+01
2.746999999999998465e+01
2.691999999999998749e+01
2.737999999999998479e+01
2.754999999999998650e+01
2.794999999999998508e+01
2.802999999999998693e+01
2.815999999999998593e+01
2.924999999999998579e+01
2.945999999999998664e+01
2.956999999999998607e+01
2.932999999999998408e+01
2.976999999999998536e+01
2.975999999999998735e+01
2.904999999999998650e+01
2.919999999999998508e+01
2.994999999999998508e+01
3.075999999999998735e+01
3.090999999999998593e+01
3.086999999999998678e+01
3.103999999999998494e+01
3.084999999999998721e+01
3.079999999999998650e+01
3.093999999999998707e+01
3.160999999999998522e+01
3.069999999999998508e+01
3.074999999999998579e+01
3.112999999999998479e+01
3.089999999999998437e+01
2.999999999999998579e+01
2.940999999999998593e+01
2.917999999999998550e+01
2.865999999999998593e+01
2.857999999999998408e+01
2.845999999999998664e+01
2.891999999999998749e+01
2.854999999999998650e+01
2.859999999999998721e+01
2.883999999999998565e+01
2.849999999999998579e+01
2.816999999999998749e+01
2.804999999999998650e+01
2.782999999999998408e+01
2.793999999999998707e+01
2.809999999999998721e+01
2.841999999999998749e+01
2.851999999999998536e+01
2.837999999999998479e+01
2.869999999999998508e+01
2.777999999999998693e+01
2.790999999999998593e+01
2.874999999999998579e+01
2.878999999999998494e+01
2.933999999999998565e+01
2.977999999999998693e+01
2.969999999999998508e+01
2.989999999999998437e+01
2.998999999999998423e+01
2.994999999999998508e+01
3.125999999999998735e+01
3.127999999999998693e+01
3.049999999999998579e+01
3.009999999999998721e+01
2.925999999999998735e+01
2.935999999999998522e+01
2.969999999999998508e+01
2.939999999999998437e+01
2.842999999999998550e+01
2.778999999999998494e+01
2.806999999999998607e+01
2.833999999999998565e+01
2.791999999999998749e+01
2.788999999999998636e+01
2.887999999999998479e+01
2.912999999999998479e+01
2.874999999999998579e+01
2.882999999999998408e+01
3.000999999999998735e+01
2.983999999999998565e+01
2.972999999999998622e+01
3.000999999999998735e+01
2.998999999999998423e+01
3.298999999999998778e+01
3.309999999999998721e+01
3.334999999999998721e+01
3.328999999999998494e+01
3.349999999999998579e+01
3.268999999999998352e+01
3.153999999999998494e+01
3.119999999999998508e+01
