6.199016094207763672e+00
6.151442527770996094e+00
6.094029426574707031e+00
6.048791885375976562e+00
5.993684768676757812e+00
5.935928821563720703e+00
5.982717514038085938e+00
6.534716606140136719e+00
6.836476802825927734e+00
6.788241386413574219e+00
6.843939304351806641e+00
6.973889827728271484e+00
7.068111419677734375e+00
6.951146602630615234e+00
6.811216354370117188e+00
7.192577362060546875e+00
7.007616043090820312e+00
7.027293205261230469e+00
6.897803783416748047e+00
6.818203926086425781e+00
6.828967571258544922e+00
6.770190715789794922e+00
6.800018787384033203e+00
6.825231552124023438e+00
6.793967723846435547e+00
6.939116954803466797e+00
6.875656127929687500e+00
6.791163921356201172e+00
6.891597270965576172e+00
7.233980178833007812e+00
7.103704929351806641e+00
6.998703479766845703e+00
7.109851360321044922e+00
7.117834568023681641e+00
6.960367202758789062e+00
6.822101593017578125e+00
6.644027233123779297e+00
6.599728584289550781e+00
6.562069892883300781e+00
6.743622303009033203e+00
6.778756618499755859e+00
6.763692378997802734e+00
6.834103107452392578e+00
6.686500549316406250e+00
6.704251289367675781e+00
6.583683013916015625e+00
6.543824195861816406e+00
6.396484375000000000e+00
6.563732624053955078e+00
6.587088584899902344e+00
6.667680740356445312e+00
6.774542808532714844e+00
6.957657337188720703e+00
6.877968311309814453e+00
6.710840702056884766e+00
6.834596633911132812e+00
6.816035747528076172e+00
7.042971611022949219e+00
7.189142227172851562e+00
7.106401443481445312e+00
7.168331146240234375e+00
7.185590744018554688e+00
7.019545555114746094e+00
7.012454032897949219e+00
6.964448451995849609e+00
7.081894397735595703e+00
7.160277843475341797e+00
7.129807949066162109e+00
7.005557060241699219e+00
6.747703552246093750e+00
6.591705322265625000e+00
6.523865222930908203e+00
6.465648174285888672e+00
6.309377670288085938e+00
6.293556213378906250e+00
6.192878723144531250e+00
6.194129943847656250e+00
6.292312145233154297e+00
6.368277072906494141e+00
6.387225627899169922e+00
6.432157039642333984e+00
6.380318641662597656e+00
6.275640964508056641e+00
6.251264572143554688e+00
6.233656883239746094e+00
6.138486385345458984e+00
6.250464439392089844e+00
6.214540481567382812e+00
6.267967700958251953e+00
6.198153972625732422e+00
6.186001300811767578e+00
