1.105639266967773438e+01
1.092028617858886719e+01
1.086301040649414062e+01
1.079890346527099609e+01
1.072183418273925781e+01
1.065783119201660156e+01
1.049484825134277344e+01
1.056289577484130859e+01
1.059810447692871094e+01
1.055641746520996094e+01
1.064260673522949219e+01
1.056108379364013672e+01
1.066045665740966797e+01
1.059068489074707031e+01
1.052905368804931641e+01
1.053670406341552734e+01
1.049181365966796875e+01
1.050733470916748047e+01
1.047007846832275391e+01
1.053242969512939453e+01
1.049016761779785156e+01
1.046370601654052734e+01
1.049679851531982422e+01
1.048190021514892578e+01
1.047290325164794922e+01
1.044950199127197266e+01
1.042633247375488281e+01
1.043363094329833984e+01
1.048600769042968750e+01
1.053191375732421875e+01
1.053614616394042969e+01
1.055697917938232422e+01
1.055213546752929688e+01
1.051561546325683594e+01
1.048633193969726562e+01
1.046200084686279297e+01
1.040135097503662109e+01
1.038111972808837891e+01
1.032688331604003906e+01
1.028693962097167969e+01
1.030511760711669922e+01
1.030045413970947266e+01
1.031348896026611328e+01
1.029177474975585938e+01
1.028227996826171875e+01
1.024308967590332031e+01
1.034322261810302734e+01
1.038379478454589844e+01
1.044260406494140625e+01
1.049885749816894531e+01
1.043766975402832031e+01
1.059051513671875000e+01
1.044596195220947266e+01
1.032468128204345703e+01
1.024769210815429688e+01
1.022435188293457031e+01
1.015698051452636719e+01
1.017701148986816406e+01
1.013031291961669922e+01
1.009755229949951172e+01
1.013948345184326172e+01
1.047111511230468750e+01
1.098326206207275391e+01
1.174218845367431641e+01
1.201203346252441406e+01
1.117952823638916016e+01
1.075471210479736328e+01
1.040368652343750000e+01
1.016104221343994141e+01
1.018338680267333984e+01
1.008641433715820312e+01
1.005624008178710938e+01
1.006116485595703125e+01
1.004697895050048828e+01
9.981494903564453125e+00
9.952126502990722656e+00
1.004320526123046875e+01
1.003722667694091797e+01
1.005276012420654297e+01
1.007349872589111328e+01
1.011170578002929688e+01
1.011141109466552734e+01
1.012082099914550781e+01
1.010702133178710938e+01
1.015846538543701172e+01
1.008915138244628906e+01
1.017416763305664062e+01
1.014569950103759766e+01
1.018078136444091797e+01
1.012446880340576172e+01
1.015748882293701172e+01
