2.599081993103027344e+00
2.669895648956298828e+00
2.586907863616943359e+00
2.590244293212890625e+00
2.594215869903564453e+00
2.569842576980590820e+00
2.483503341674804688e+00
2.438364028930664062e+00
2.480788707733154297e+00
2.488392353057861328e+00
2.533263206481933594e+00
2.520019769668579102e+00
2.552542686462402344e+00
2.546569824218750000e+00
2.549254179000854492e+00
2.580837011337280273e+00
2.609463691711425781e+00
2.628274440765380859e+00
2.622255802154541016e+00
2.656697750091552734e+00
2.737880945205688477e+00
2.722548007965087891e+00
2.691596746444702148e+00
2.718969345092773438e+00
2.713091373443603516e+00
2.690427303314208984e+00
2.631968021392822266e+00
2.620904922485351562e+00
2.638024091720581055e+00
2.671306371688842773e+00
2.679996252059936523e+00
2.664947032928466797e+00
2.693122148513793945e+00
2.717770576477050781e+00
2.690360784530639648e+00
2.673200607299804688e+00
2.630719184875488281e+00
2.715606212615966797e+00
2.701052904129028320e+00
2.668530702590942383e+00
2.686013221740722656e+00
2.676980018615722656e+00
2.654935359954833984e+00
2.589114665985107422e+00
2.637812614440917969e+00
2.570962667465209961e+00
2.586118698120117188e+00
2.568461894989013672e+00
2.563700199127197266e+00
2.559009075164794922e+00
2.542318344116210938e+00
2.552157878875732422e+00
2.542662858963012695e+00
2.486553192138671875e+00
2.516681671142578125e+00
2.482570171356201172e+00
2.396311759948730469e+00
2.382391929626464844e+00
2.300104141235351562e+00
2.291695594787597656e+00
2.348102092742919922e+00
2.360123634338378906e+00
2.429759979248046875e+00
2.420382022857666016e+00
2.430993318557739258e+00
2.405429840087890625e+00
2.405634403228759766e+00
2.385995864868164062e+00
2.455606460571289062e+00
2.402687072753906250e+00
2.380292892456054688e+00
2.349931955337524414e+00
2.377952575683593750e+00
2.367492437362670898e+00
2.279327392578125000e+00
2.262445926666259766e+00
2.271800994873046875e+00
2.282516717910766602e+00
2.314455270767211914e+00
2.334207773208618164e+00
2.379608631134033203e+00
2.391229152679443359e+00
2.374810218811035156e+00
2.373686552047729492e+00
2.418226718902587891e+00
2.376578807830810547e+00
2.411550283432006836e+00
2.396726369857788086e+00
2.441804409027099609e+00
2.456993103027343750e+00
2.530354976654052734e+00
