1.192311644554138184e+00
1.191306591033935547e+00
1.189889192581176758e+00
1.187972664833068848e+00
1.185193061828613281e+00
1.181134343147277832e+00
1.177003383636474609e+00
1.172494888305664062e+00
1.167890548706054688e+00
1.162955164909362793e+00
1.158302783966064453e+00
1.153629899024963379e+00
1.149238467216491699e+00
1.141209602355957031e+00
1.135743260383605957e+00
1.132271409034729004e+00
1.128595113754272461e+00
1.127129912376403809e+00
1.124952554702758789e+00
1.122936248779296875e+00
1.121004700660705566e+00
1.120339274406433105e+00
1.119906663894653320e+00
1.117946028709411621e+00
1.117046833038330078e+00
1.116362214088439941e+00
1.116015434265136719e+00
1.114721655845642090e+00
1.114806175231933594e+00
1.115226268768310547e+00
1.114862322807312012e+00
1.114280223846435547e+00
