1.567223262786865234e+01
1.525805664062500000e+01
1.502822113037109375e+01
1.461749649047851562e+01
1.421199321746826172e+01
1.383600234985351562e+01
1.340738773345947266e+01
1.320484924316406250e+01
1.328947639465332031e+01
1.304369544982910156e+01
1.317133522033691406e+01
1.295549488067626953e+01
1.336751079559326172e+01
1.325552463531494141e+01
1.309891796112060547e+01
1.283397674560546875e+01
1.255483341217041016e+01
1.295371055603027344e+01
1.271199226379394531e+01
1.252442741394042969e+01
1.233728885650634766e+01
1.214968109130859375e+01
1.211325836181640625e+01
1.218894100189208984e+01
1.207256317138671875e+01
1.182858371734619141e+01
1.175819873809814453e+01
1.204474735260009766e+01
1.204283523559570312e+01
1.203407764434814453e+01
1.193881034851074219e+01
1.185116958618164062e+01
1.163233661651611328e+01
1.147996044158935547e+01
1.125783824920654297e+01
1.098633384704589844e+01
1.076466941833496094e+01
1.079402446746826172e+01
1.068711757659912109e+01
1.054704761505126953e+01
1.055810260772705078e+01
1.049719429016113281e+01
1.040603733062744141e+01
1.027208995819091797e+01
1.036487293243408203e+01
1.014971733093261719e+01
1.005650615692138672e+01
9.831157684326171875e+00
9.984038352966308594e+00
1.015145015716552734e+01
1.013755512237548828e+01
1.007384014129638672e+01
9.969038009643554688e+00
9.965570449829101562e+00
9.798622131347656250e+00
9.831295013427734375e+00
9.623613357543945312e+00
9.439611434936523438e+00
9.252646446228027344e+00
9.578938484191894531e+00
9.535024642944335938e+00
9.693158149719238281e+00
1.032390594482421875e+01
1.022850990295410156e+01
1.010091876983642578e+01
9.837806701660156250e+00
9.583965301513671875e+00
9.385711669921875000e+00
9.329374313354492188e+00
9.161798477172851562e+00
8.842434883117675781e+00
8.903436660766601562e+00
8.812264442443847656e+00
8.582946777343750000e+00
8.306653976440429688e+00
8.264640808105468750e+00
8.090789794921875000e+00
8.098081588745117188e+00
8.120378494262695312e+00
8.365512847900390625e+00
8.637147903442382812e+00
9.140460014343261719e+00
9.035426139831542969e+00
9.281383514404296875e+00
1.012378025054931641e+01
9.875696182250976562e+00
9.992012977600097656e+00
9.845889091491699219e+00
9.940353393554687500e+00
9.718626022338867188e+00
9.584458351135253906e+00
