6.021275997161865234e+00
5.951612949371337891e+00
5.887411117553710938e+00
5.835515499114990234e+00
5.781968593597412109e+00
5.773688793182373047e+00
5.723118782043457031e+00
5.725404262542724609e+00
5.762423038482666016e+00
5.742946147918701172e+00
5.806368350982666016e+00
5.775338172912597656e+00
5.871356010437011719e+00
5.819300174713134766e+00
5.790126800537109375e+00
5.773674488067626953e+00
5.737954616546630859e+00
5.744387626647949219e+00
5.754819393157958984e+00
5.761874198913574219e+00
5.741255760192871094e+00
5.732547760009765625e+00
5.752606391906738281e+00
5.745713710784912109e+00
5.726558208465576172e+00
5.704464435577392578e+00
5.709856510162353516e+00
5.725129127502441406e+00
5.740420341491699219e+00
5.777474880218505859e+00
5.777788162231445312e+00
5.757225990295410156e+00
5.724033355712890625e+00
5.706740379333496094e+00
5.664739131927490234e+00
5.631130218505859375e+00
5.585240840911865234e+00
5.573149204254150391e+00
5.585447311401367188e+00
5.586610317230224609e+00
5.592315196990966797e+00
5.589156627655029297e+00
5.575050354003906250e+00
5.550905227661132812e+00
5.716122627258300781e+00
5.688691616058349609e+00
5.676409721374511719e+00
5.634710788726806641e+00
5.628427028656005859e+00
5.624260902404785156e+00
5.636471748352050781e+00
5.620857715606689453e+00
5.596638679504394531e+00
5.575038433074951172e+00
5.540523529052734375e+00
5.523565769195556641e+00
5.497229099273681641e+00
5.480643749237060547e+00
5.461367607116699219e+00
5.504682540893554688e+00
5.493431568145751953e+00
5.500606060028076172e+00
5.532992362976074219e+00
5.516965389251708984e+00
5.511720180511474609e+00
5.480879306793212891e+00
5.456999301910400391e+00
5.439881324768066406e+00
5.427665710449218750e+00
5.403468132019042969e+00
5.368234634399414062e+00
5.366755008697509766e+00
5.364965915679931641e+00
5.344880104064941406e+00
5.317385673522949219e+00
5.318281650543212891e+00
5.317848205566406250e+00
5.320730686187744141e+00
5.322513580322265625e+00
5.341336727142333984e+00
5.368871688842773438e+00
5.392108440399169922e+00
5.384620189666748047e+00
5.401339530944824219e+00
5.464845180511474609e+00
5.434203147888183594e+00
5.437561988830566406e+00
5.424936294555664062e+00
5.429992675781250000e+00
5.419504165649414062e+00
5.419013500213623047e+00
