9.233873367309570312e+00
9.111740112304687500e+00
9.107188224792480469e+00
9.335128784179687500e+00
8.932817459106445312e+00
8.878540992736816406e+00
8.781373977661132812e+00
9.217777252197265625e+00
9.442209243774414062e+00
9.416930198669433594e+00
9.385118484497070312e+00
9.388636589050292969e+00
9.373185157775878906e+00
9.389817237854003906e+00
9.384258270263671875e+00
9.337053298950195312e+00
9.339274406433105469e+00
9.265865325927734375e+00
9.271883010864257812e+00
9.274377822875976562e+00
9.263100624084472656e+00
9.243625640869140625e+00
9.244029045104980469e+00
9.298792839050292969e+00
9.382171630859375000e+00
9.458480834960937500e+00
9.448665618896484375e+00
9.444938659667968750e+00
9.423348426818847656e+00
9.115496635437011719e+00
8.380004882812500000e+00
8.362822532653808594e+00
8.360381126403808594e+00
8.426041603088378906e+00
8.359917640686035156e+00
8.337929725646972656e+00
8.297867774963378906e+00
8.300379753112792969e+00
8.430989265441894531e+00
8.591735839843750000e+00
8.728868484497070312e+00
8.815063476562500000e+00
8.781621932983398438e+00
8.782921791076660156e+00
8.783950805664062500e+00
8.797982215881347656e+00
8.789903640747070312e+00
8.759346961975097656e+00
8.837428092956542969e+00
8.224837303161621094e+00
7.892847537994384766e+00
7.638294696807861328e+00
7.284613132476806641e+00
7.014204025268554688e+00
6.767729759216308594e+00
6.534660339355468750e+00
6.221623420715332031e+00
5.945610046386718750e+00
5.802843093872070312e+00
5.651626586914062500e+00
5.668197631835937500e+00
5.665872573852539062e+00
5.692390918731689453e+00
5.648260593414306641e+00
5.666275501251220703e+00
5.623115539550781250e+00
5.543935775756835938e+00
5.610238075256347656e+00
5.589862346649169922e+00
5.557936668395996094e+00
5.414156436920166016e+00
5.433030128479003906e+00
5.348341941833496094e+00
5.445176124572753906e+00
5.362958908081054688e+00
5.361596107482910156e+00
5.363784790039062500e+00
5.346461296081542969e+00
5.356329917907714844e+00
5.540493965148925781e+00
5.708669662475585938e+00
5.918531894683837891e+00
5.828165054321289062e+00
5.889435768127441406e+00
6.026732444763183594e+00
6.201277732849121094e+00
6.242801189422607422e+00
6.082811832427978516e+00
6.110982894897460938e+00
5.911713600158691406e+00
5.828220367431640625e+00
