2.852499961853027344e+00
2.855892896652221680e+00
2.850183248519897461e+00
2.853415489196777344e+00
2.839113950729370117e+00
2.825820684432983398e+00
2.810535430908203125e+00
2.819204807281494141e+00
2.837567090988159180e+00
2.838762521743774414e+00
2.864193916320800781e+00
2.857338905334472656e+00
2.870803833007812500e+00
2.864363193511962891e+00
2.859124898910522461e+00
2.862527370452880859e+00
2.870608091354370117e+00
2.879640817642211914e+00
2.872620820999145508e+00
2.875617980957031250e+00
2.873372077941894531e+00
2.871772766113281250e+00
2.888849020004272461e+00
2.885731697082519531e+00
2.877322196960449219e+00
2.865855455398559570e+00
2.858098745346069336e+00
2.853323459625244141e+00
2.856204509735107422e+00
2.854140281677246094e+00
2.854756355285644531e+00
2.855302095413208008e+00
2.847914218902587891e+00
2.846793651580810547e+00
2.837770938873291016e+00
2.840244293212890625e+00
2.830677509307861328e+00
2.832799673080444336e+00
2.830977916717529297e+00
2.845517158508300781e+00
2.851797342300415039e+00
2.850821971893310547e+00
2.847093105316162109e+00
2.837473392486572266e+00
2.837496757507324219e+00
2.832937240600585938e+00
2.839600563049316406e+00
2.830224275588989258e+00
2.831001520156860352e+00
2.833995103836059570e+00
2.840162277221679688e+00
2.844059944152832031e+00
2.833331108093261719e+00
2.819188594818115234e+00
2.814464092254638672e+00
2.807247161865234375e+00
2.786109924316406250e+00
2.787105083465576172e+00
2.767389535903930664e+00
2.763659477233886719e+00
2.766825914382934570e+00
2.774245977401733398e+00
2.784145832061767578e+00
2.788138628005981445e+00
2.791490793228149414e+00
2.774457931518554688e+00
2.764151573181152344e+00
2.753145217895507812e+00
2.750858306884765625e+00
2.740002632141113281e+00
2.724220991134643555e+00
2.688245534896850586e+00
2.691934585571289062e+00
2.690500259399414062e+00
2.660695075988769531e+00
2.663898468017578125e+00
2.668972969055175781e+00
2.685293912887573242e+00
2.697318077087402344e+00
2.712632179260253906e+00
2.724595069885253906e+00
2.739542484283447266e+00
2.731069326400756836e+00
2.732867240905761719e+00
2.736383438110351562e+00
2.728377342224121094e+00
2.755644083023071289e+00
2.753411531448364258e+00
2.766360044479370117e+00
2.762441158294677734e+00
2.775992393493652344e+00
