4.172953605651855469e+00
4.166915893554687500e+00
4.123261928558349609e+00
4.126367092132568359e+00
4.100936412811279297e+00
4.060504913330078125e+00
4.013227462768554688e+00
4.070577621459960938e+00
4.110725402832031250e+00
4.089451313018798828e+00
4.193497657775878906e+00
4.129905700683593750e+00
4.149282932281494141e+00
4.087052822113037109e+00
4.171807289123535156e+00
4.295668125152587891e+00
4.201378345489501953e+00
4.230532169342041016e+00
4.164364814758300781e+00
4.133899688720703125e+00
4.127448081970214844e+00
4.112158298492431641e+00
4.107067108154296875e+00
4.098042011260986328e+00
4.079782009124755859e+00
4.093381881713867188e+00
4.084166049957275391e+00
4.188932895660400391e+00
4.169404029846191406e+00
4.140102386474609375e+00
4.118685245513916016e+00
4.171145439147949219e+00
4.108692169189453125e+00
4.106940746307373047e+00
4.074448585510253906e+00
4.059687137603759766e+00
4.008626937866210938e+00
4.024928569793701172e+00
3.985408782958984375e+00
3.950750350952148438e+00
3.972847700119018555e+00
3.964414834976196289e+00
3.954074621200561523e+00
3.900333404541015625e+00
3.877487897872924805e+00
3.832559108734130859e+00
3.969727516174316406e+00
3.881370544433593750e+00
4.127555370330810547e+00
4.096353054046630859e+00
4.020061492919921875e+00
4.129577159881591797e+00
4.108223438262939453e+00
4.168641090393066406e+00
4.082905769348144531e+00
4.008841037750244141e+00
3.975457906723022461e+00
3.936417579650878906e+00
3.892563819885253906e+00
3.906576871871948242e+00
3.896286010742187500e+00
3.881199836730957031e+00
3.864248514175415039e+00
3.833561182022094727e+00
3.819837808609008789e+00
3.829661846160888672e+00
3.813799619674682617e+00
3.797448873519897461e+00
3.833761692047119141e+00
3.844018936157226562e+00
3.813350200653076172e+00
3.796221256256103516e+00
3.765894412994384766e+00
3.753886938095092773e+00
3.728948116302490234e+00
3.783561229705810547e+00
3.771971940994262695e+00
3.759973764419555664e+00
3.745561122894287109e+00
3.744901418685913086e+00
3.753542661666870117e+00
3.777231216430664062e+00
3.761507272720336914e+00
3.742845773696899414e+00
3.723076105117797852e+00
3.716533422470092773e+00
3.716335535049438477e+00
3.699487447738647461e+00
3.692060232162475586e+00
3.697357654571533203e+00
3.696189165115356445e+00
