3.104778528213500977e+00
3.101868867874145508e+00
3.101812839508056641e+00
3.101137876510620117e+00
3.098577976226806641e+00
3.093803644180297852e+00
3.070803642272949219e+00
3.051041126251220703e+00
3.051741600036621094e+00
3.042227268218994141e+00
3.046139955520629883e+00
3.049771070480346680e+00
3.057812452316284180e+00
3.052529573440551758e+00
3.049995660781860352e+00
3.051896572113037109e+00
3.051278352737426758e+00
3.052914619445800781e+00
3.057128906250000000e+00
3.054178237915039062e+00
3.052131175994873047e+00
3.054155349731445312e+00
3.058794498443603516e+00
3.055275201797485352e+00
3.055249691009521484e+00
3.056999683380126953e+00
3.052343845367431641e+00
3.051650047302246094e+00
3.052938222885131836e+00
3.076070547103881836e+00
3.065818548202514648e+00
3.063274383544921875e+00
3.057348489761352539e+00
3.056392669677734375e+00
3.046726226806640625e+00
3.041550636291503906e+00
3.027770519256591797e+00
3.030663967132568359e+00
3.026737213134765625e+00
3.025227069854736328e+00
3.022593736648559570e+00
3.016390800476074219e+00
3.015568733215332031e+00
3.006943702697753906e+00
3.006958961486816406e+00
2.992474555969238281e+00
2.988418817520141602e+00
2.973815202713012695e+00
2.968768596649169922e+00
2.967298507690429688e+00
2.968758583068847656e+00
2.963158130645751953e+00
2.972563505172729492e+00
2.997954845428466797e+00
2.982352256774902344e+00
2.969766616821289062e+00
2.962897300720214844e+00
2.962791442871093750e+00
2.964695930480957031e+00
3.002521038055419922e+00
2.987102746963500977e+00
2.990670442581176758e+00
2.991334199905395508e+00
3.009043216705322266e+00
3.001790285110473633e+00
2.993631124496459961e+00
2.980343103408813477e+00
2.974991798400878906e+00
2.976661920547485352e+00
2.967286825180053711e+00
2.956257820129394531e+00
2.921266317367553711e+00
2.907624244689941406e+00
2.884697198867797852e+00
2.854255914688110352e+00
2.841075420379638672e+00
2.833993911743164062e+00
2.836306571960449219e+00
2.836407184600830078e+00
2.847176551818847656e+00
2.873057365417480469e+00
2.880874633789062500e+00
2.877620935440063477e+00
2.882249355316162109e+00
2.886252641677856445e+00
2.880442857742309570e+00
2.886241912841796875e+00
2.885411977767944336e+00
2.890776157379150391e+00
2.897480010986328125e+00
2.904382467269897461e+00
