2.543666267395019531e+01
2.595475006103515625e+01
2.630916023254394531e+01
2.750636100769042969e+01
2.723448753356933594e+01
2.653171348571777344e+01
2.670586013793945312e+01
2.618388366699218750e+01
2.735223960876464844e+01
2.731565856933593750e+01
2.852617645263671875e+01
2.963206863403320312e+01
2.972043418884277344e+01
3.116109085083007812e+01
3.119972610473632812e+01
3.125175094604492188e+01
3.009061241149902344e+01
3.075111389160156250e+01
3.271577835083007812e+01
3.254977416992187500e+01
3.245238876342773438e+01
3.173956108093261719e+01
3.116303443908691406e+01
3.047642707824707031e+01
3.004850578308105469e+01
2.954549026489257812e+01
2.938087463378906250e+01
2.858066177368164062e+01
2.835019683837890625e+01
2.805161666870117188e+01
2.715854644775390625e+01
2.684986305236816406e+01
2.580317497253417969e+01
2.558812713623046875e+01
2.640235137939453125e+01
2.440584373474121094e+01
2.400898933410644531e+01
2.336506080627441406e+01
2.299875640869140625e+01
2.234601974487304688e+01
2.202889442443847656e+01
2.168326568603515625e+01
2.144857025146484375e+01
2.065617561340332031e+01
2.037676811218261719e+01
1.949932098388671875e+01
1.932689666748046875e+01
1.904303741455078125e+01
1.897383880615234375e+01
1.903394317626953125e+01
1.887070846557617188e+01
1.834647941589355469e+01
1.767559814453125000e+01
1.751190376281738281e+01
1.683578681945800781e+01
1.696200561523437500e+01
1.645633125305175781e+01
1.627897262573242188e+01
1.674213981628417969e+01
1.786907577514648438e+01
1.926600646972656250e+01
1.907268714904785156e+01
1.899424934387207031e+01
1.854289245605468750e+01
1.814802360534667969e+01
1.820951080322265625e+01
1.853957939147949219e+01
1.812964439392089844e+01
1.890148353576660156e+01
1.813180351257324219e+01
1.743414306640625000e+01
1.728963851928710938e+01
1.678000259399414062e+01
1.613814353942871094e+01
1.582398319244384766e+01
1.585898876190185547e+01
1.582759571075439453e+01
1.658491897583007812e+01
1.711208343505859375e+01
1.814961051940917969e+01
1.767120170593261719e+01
1.804947662353515625e+01
1.802932739257812500e+01
1.810322952270507812e+01
1.848110961914062500e+01
1.835366821289062500e+01
1.815637588500976562e+01
1.763445663452148438e+01
1.782485961914062500e+01
