8.552492141723632812e+00
8.348051071166992188e+00
8.218951225280761719e+00
8.179936408996582031e+00
8.076864242553710938e+00
7.985414028167724609e+00
7.785053730010986328e+00
7.712373733520507812e+00
7.882503986358642578e+00
7.786516189575195312e+00
7.861271858215332031e+00
7.767533779144287109e+00
7.938774108886718750e+00
7.862357139587402344e+00
7.819572448730468750e+00
7.760514736175537109e+00
7.684559345245361328e+00
7.813128948211669922e+00
7.807035446166992188e+00
7.838592052459716797e+00
7.791755676269531250e+00
7.825656414031982422e+00
7.987068653106689453e+00
7.931653022766113281e+00
7.804934978485107422e+00
7.741985797882080078e+00
7.730785369873046875e+00
7.700675010681152344e+00
7.744616031646728516e+00
7.802806377410888672e+00
7.941450119018554688e+00
7.877242565155029297e+00
7.917096138000488281e+00
7.867200851440429688e+00
7.733134269714355469e+00
7.726869106292724609e+00
7.644671916961669922e+00
7.748403549194335938e+00
7.652751922607421875e+00
7.891112327575683594e+00
7.886030673980712891e+00
7.846209049224853516e+00
7.943989276885986328e+00
7.867049217224121094e+00
8.140243530273437500e+00
7.984442710876464844e+00
7.848847866058349609e+00
7.791543483734130859e+00
7.613063812255859375e+00
7.563646316528320312e+00
7.532710552215576172e+00
7.635787487030029297e+00
7.697310924530029297e+00
7.658063888549804688e+00
7.509419441223144531e+00
7.408022403717041016e+00
7.242242336273193359e+00
7.198083877563476562e+00
7.051680564880371094e+00
7.005898475646972656e+00
6.963630199432373047e+00
6.949735164642333984e+00
6.919147014617919922e+00
6.854815006256103516e+00
6.831130027770996094e+00
6.757893085479736328e+00
6.709100246429443359e+00
6.644185543060302734e+00
6.582515716552734375e+00
6.509510040283203125e+00
6.452175140380859375e+00
6.424289703369140625e+00
6.399098873138427734e+00
6.326790332794189453e+00
6.248874187469482422e+00
6.233225345611572266e+00
6.204516887664794922e+00
6.199640750885009766e+00
6.217949867248535156e+00
6.255505561828613281e+00
6.348971843719482422e+00
6.414706707000732422e+00
6.412583351135253906e+00
6.426783561706542969e+00
6.457962036132812500e+00
6.460858821868896484e+00
6.502710342407226562e+00
6.540101051330566406e+00
6.774182796478271484e+00
6.752130508422851562e+00
7.338081359863281250e+00
