7.522522449493408203e+00
7.571788787841796875e+00
7.471826553344726562e+00
7.376626014709472656e+00
7.496133804321289062e+00
7.383668899536132812e+00
7.213451385498046875e+00
7.471802711486816406e+00
7.641742706298828125e+00
7.801897048950195312e+00
8.189465522766113281e+00
8.114307403564453125e+00
8.252976417541503906e+00
7.957612514495849609e+00
7.705717563629150391e+00
7.751479625701904297e+00
7.684882164001464844e+00
7.833356857299804688e+00
7.523803710937500000e+00
7.509090423583984375e+00
7.418303489685058594e+00
7.500047683715820312e+00
7.718428134918212891e+00
7.721755981445312500e+00
7.783072471618652344e+00
7.606749534606933594e+00
7.570152282714843750e+00
7.497259140014648438e+00
7.540933609008789062e+00
7.336579322814941406e+00
7.306713104248046875e+00
7.238838195800781250e+00
7.187948703765869141e+00
7.257026672363281250e+00
7.122851848602294922e+00
7.078203201293945312e+00
6.909013748168945312e+00
6.916230678558349609e+00
6.904359817504882812e+00
6.905521392822265625e+00
7.060663223266601562e+00
7.371666908264160156e+00
7.604286193847656250e+00
7.446429729461669922e+00
7.660581588745117188e+00
7.491545677185058594e+00
7.688483238220214844e+00
7.462295532226562500e+00
7.395780563354492188e+00
7.689176082611083984e+00
7.652191162109375000e+00
7.941639423370361328e+00
7.933573722839355469e+00
7.737313270568847656e+00
7.816679000854492188e+00
7.581768512725830078e+00
7.282998085021972656e+00
7.268755912780761719e+00
7.268162250518798828e+00
7.118789672851562500e+00
7.304475784301757812e+00
7.421328544616699219e+00
7.259660243988037109e+00
7.326423645019531250e+00
7.740740299224853516e+00
7.698638439178466797e+00
7.529776096343994141e+00
7.224969863891601562e+00
7.104946136474609375e+00
6.903363227844238281e+00
6.816391468048095703e+00
7.095085620880126953e+00
7.748448848724365234e+00
7.861320495605468750e+00
7.925834655761718750e+00
8.137507438659667969e+00
8.253193855285644531e+00
8.293579101562500000e+00
8.397195816040039062e+00
8.594924926757812500e+00
9.095168113708496094e+00
9.662628173828125000e+00
1.006540584564208984e+01
9.845379829406738281e+00
9.770593643188476562e+00
9.386947631835937500e+00
9.448369026184082031e+00
9.217644691467285156e+00
9.306379318237304688e+00
8.907587051391601562e+00
8.830810546875000000e+00
