1.021150493621826172e+01
1.009556484222412109e+01
9.957366943359375000e+00
9.862029075622558594e+00
9.768193244934082031e+00
9.703448295593261719e+00
9.615918159484863281e+00
9.588022232055664062e+00
9.632249832153320312e+00
9.604500770568847656e+00
9.685393333435058594e+00
9.654712677001953125e+00
9.779712677001953125e+00
9.714652061462402344e+00
9.673239707946777344e+00
9.633671760559082031e+00
9.637963294982910156e+00
9.663328170776367188e+00
9.643092155456542969e+00
9.653616905212402344e+00
9.635982513427734375e+00
9.611950874328613281e+00
9.617838859558105469e+00
9.599596977233886719e+00
9.573414802551269531e+00
9.553256988525390625e+00
9.552182197570800781e+00
9.572908401489257812e+00
9.610421180725097656e+00
9.604906082153320312e+00
9.590299606323242188e+00
9.572306632995605469e+00
9.548094749450683594e+00
9.541626930236816406e+00
9.500049591064453125e+00
9.479150772094726562e+00
9.430126190185546875e+00
9.419116020202636719e+00
9.389151573181152344e+00
9.363616943359375000e+00
9.365554809570312500e+00
9.355110168457031250e+00
9.351334571838378906e+00
9.317412376403808594e+00
9.313815116882324219e+00
9.290576934814453125e+00
9.304541587829589844e+00
9.290365219116210938e+00
9.303879737854003906e+00
9.309549331665039062e+00
9.319709777832031250e+00
9.320713996887207031e+00
9.317081451416015625e+00
9.304203987121582031e+00
9.273106575012207031e+00
9.264463424682617188e+00
9.221942901611328125e+00
9.218660354614257812e+00
9.192426681518554688e+00
9.257630348205566406e+00
9.243304252624511719e+00
9.269484519958496094e+00
9.485428810119628906e+00
9.477059364318847656e+00
9.454776763916015625e+00
9.403025627136230469e+00
9.325490951538085938e+00
9.295016288757324219e+00
9.284866333007812500e+00
9.236877441406250000e+00
9.206584930419921875e+00
9.194634437561035156e+00
9.206538200378417969e+00
9.194459915161132812e+00
9.151500701904296875e+00
9.185440063476562500e+00
9.174430847167968750e+00
9.177794456481933594e+00
9.193612098693847656e+00
9.214223861694335938e+00
9.262289047241210938e+00
9.271496772766113281e+00
9.264578819274902344e+00
9.298267364501953125e+00
9.374024391174316406e+00
9.327582359313964844e+00
9.330790519714355469e+00
9.303273200988769531e+00
9.305858612060546875e+00
9.281764984130859375e+00
9.286105155944824219e+00
