1.724170875549316406e+01
1.741192817687988281e+01
1.726403427124023438e+01
1.719333267211914062e+01
1.708161544799804688e+01
1.698519325256347656e+01
1.691213035583496094e+01
1.688652801513671875e+01
1.696951293945312500e+01
1.710132598876953125e+01
1.710359954833984375e+01
1.699947166442871094e+01
1.701671409606933594e+01
1.705419158935546875e+01
1.697251129150390625e+01
1.689198493957519531e+01
1.680415725708007812e+01
1.678343391418457031e+01
1.682890319824218750e+01
1.705617904663085938e+01
1.720073699951171875e+01
1.717956352233886719e+01
1.743166160583496094e+01
1.738915634155273438e+01
1.730124473571777344e+01
1.735027694702148438e+01
1.740952491760253906e+01
1.760484123229980469e+01
1.773253631591796875e+01
1.764651489257812500e+01
1.756204605102539062e+01
1.747458457946777344e+01
1.735842704772949219e+01
1.726148414611816406e+01
1.719774436950683594e+01
1.711855888366699219e+01
1.706384086608886719e+01
1.713162422180175781e+01
1.709120368957519531e+01
1.715733909606933594e+01
1.716825485229492188e+01
1.712834548950195312e+01
1.708031272888183594e+01
1.699570274353027344e+01
1.695835876464843750e+01
1.696575927734375000e+01
1.691257095336914062e+01
1.712398719787597656e+01
1.722963142395019531e+01
1.730041694641113281e+01
1.735918998718261719e+01
1.737445449829101562e+01
1.738361930847167969e+01
1.773199653625488281e+01
1.787213897705078125e+01
1.784618759155273438e+01
1.803245162963867188e+01
1.815120506286621094e+01
1.808514404296875000e+01
1.797803497314453125e+01
1.836071014404296875e+01
1.881547164916992188e+01
1.876650810241699219e+01
1.877920150756835938e+01
1.867176055908203125e+01
1.849495124816894531e+01
1.848679733276367188e+01
1.846209716796875000e+01
1.858294296264648438e+01
1.844342994689941406e+01
1.851663780212402344e+01
1.888119316101074219e+01
1.901268005371093750e+01
1.939168930053710938e+01
1.932543373107910156e+01
1.933636283874511719e+01
1.929923439025878906e+01
1.922205734252929688e+01
1.926255226135253906e+01
1.928439331054687500e+01
1.907498931884765625e+01
1.890529632568359375e+01
1.878555488586425781e+01
1.865425682067871094e+01
1.861750411987304688e+01
1.830534172058105469e+01
1.823694610595703125e+01
1.825149726867675781e+01
1.860987472534179688e+01
1.856877326965332031e+01
1.839722824096679688e+01
