2.282529067993164062e+01
2.241217422485351562e+01
2.226638031005859375e+01
2.213200950622558594e+01
2.194729614257812500e+01
2.170618438720703125e+01
2.123932647705078125e+01
2.145935821533203125e+01
2.181739044189453125e+01
2.179484558105468750e+01
2.249881172180175781e+01
2.233920669555664062e+01
2.329477310180664062e+01
2.279091262817382812e+01
2.227751922607421875e+01
2.227980041503906250e+01
2.227768516540527344e+01
2.228402137756347656e+01
2.185544586181640625e+01
2.169984817504882812e+01
2.159202003479003906e+01
2.158567237854003906e+01
2.164039611816406250e+01
2.172764968872070312e+01
2.140299987792968750e+01
2.137544441223144531e+01
2.142757225036621094e+01
2.165542984008789062e+01
2.178617095947265625e+01
2.206313514709472656e+01
2.229861640930175781e+01
2.236585235595703125e+01
2.224409103393554688e+01
2.214914512634277344e+01
2.172462272644042969e+01
2.167515754699707031e+01
2.162755584716796875e+01
2.156166076660156250e+01
2.159936904907226562e+01
2.139495277404785156e+01
2.153319931030273438e+01
2.164936065673828125e+01
2.155484008789062500e+01
2.091532135009765625e+01
2.085392379760742188e+01
2.041052436828613281e+01
2.038093185424804688e+01
1.992331504821777344e+01
2.001253890991210938e+01
2.004088973999023438e+01
2.042655372619628906e+01
2.085125160217285156e+01
2.101982498168945312e+01
2.080628776550292969e+01
2.054377365112304688e+01
2.084841156005859375e+01
2.066802597045898438e+01
2.070468902587890625e+01
2.096709442138671875e+01
2.138147735595703125e+01
2.080771636962890625e+01
2.124799919128417969e+01
2.197518157958984375e+01
2.171266937255859375e+01
2.158382415771484375e+01
2.104846954345703125e+01
2.193708992004394531e+01
2.125873947143554688e+01
2.120897102355957031e+01
2.102195358276367188e+01
2.118919754028320312e+01
2.122487449645996094e+01
2.168911170959472656e+01
2.167873001098632812e+01
2.105652618408203125e+01
2.042516326904296875e+01
2.057604980468750000e+01
2.104742813110351562e+01
2.102304077148437500e+01
2.226575660705566406e+01
2.249653625488281250e+01
2.238849067687988281e+01
2.205696868896484375e+01
2.198191070556640625e+01
2.189289474487304688e+01
2.135062980651855469e+01
2.200669860839843750e+01
2.226761627197265625e+01
2.235498046875000000e+01
2.199039649963378906e+01
2.239319419860839844e+01
