1.454888725280761719e+01
1.460056400299072266e+01
1.447343158721923828e+01
1.459569168090820312e+01
1.444618415832519531e+01
1.450852966308593750e+01
1.417662429809570312e+01
1.402465820312500000e+01
1.441447448730468750e+01
1.447518634796142578e+01
1.457044792175292969e+01
1.451000213623046875e+01
1.454207611083984375e+01
1.363344669342041016e+01
1.343268394470214844e+01
1.359894084930419922e+01
1.323320960998535156e+01
1.322434043884277344e+01
1.298101615905761719e+01
1.289095306396484375e+01
1.315424919128417969e+01
1.347376918792724609e+01
1.386652946472167969e+01
1.371773147583007812e+01
1.349190044403076172e+01
1.338891220092773438e+01
1.327724933624267578e+01
1.303392505645751953e+01
1.343725776672363281e+01
1.336407375335693359e+01
1.341963005065917969e+01
1.357553482055664062e+01
1.357240676879882812e+01
1.349891948699951172e+01
1.311687850952148438e+01
1.304433155059814453e+01
1.247283172607421875e+01
1.222313880920410156e+01
1.213732242584228516e+01
1.225028610229492188e+01
1.262036514282226562e+01
1.258980655670166016e+01
1.233762741088867188e+01
1.190165805816650391e+01
1.170498847961425781e+01
1.149476623535156250e+01
1.139809703826904297e+01
1.112837982177734375e+01
1.131528663635253906e+01
1.198714733123779297e+01
1.186366748809814453e+01
1.233592414855957031e+01
1.260752010345458984e+01
1.240128898620605469e+01
1.200143051147460938e+01
1.186993217468261719e+01
1.154780864715576172e+01
1.167060947418212891e+01
1.147764492034912109e+01
1.135826015472412109e+01
1.176854133605957031e+01
1.215681457519531250e+01
1.283215808868408203e+01
1.308230590820312500e+01
1.329820919036865234e+01
1.323016929626464844e+01
1.300549793243408203e+01
1.255968093872070312e+01
1.365848731994628906e+01
1.331876373291015625e+01
1.299555110931396484e+01
1.313196372985839844e+01
1.278372859954833984e+01
1.290896224975585938e+01
1.208816623687744141e+01
1.321456718444824219e+01
1.369627380371093750e+01
1.370482826232910156e+01
1.407828426361083984e+01
1.454555606842041016e+01
1.450776481628417969e+01
1.422679328918457031e+01
1.425763416290283203e+01
1.391281986236572266e+01
1.386742687225341797e+01
1.354632091522216797e+01
1.424092960357666016e+01
1.427898406982421875e+01
1.462581539154052734e+01
1.464803314208984375e+01
1.445959186553955078e+01
