2.044734382629394531e+01
2.039626884460449219e+01
2.031340026855468750e+01
2.025410842895507812e+01
2.017083930969238281e+01
2.012180137634277344e+01
2.004301452636718750e+01
2.007610702514648438e+01
2.014392471313476562e+01
2.014029884338378906e+01
2.021330070495605469e+01
2.017947769165039062e+01
2.021870040893554688e+01
2.019779014587402344e+01
2.014518165588378906e+01
2.015916442871093750e+01
2.012310600280761719e+01
2.014464187622070312e+01
2.009939575195312500e+01
2.011214828491210938e+01
2.008518028259277344e+01
2.013538169860839844e+01
2.019778633117675781e+01
2.019137573242187500e+01
2.017246818542480469e+01
2.015534210205078125e+01
2.013894271850585938e+01
2.013057327270507812e+01
2.014755058288574219e+01
2.016568374633789062e+01
2.014581680297851562e+01
2.012517738342285156e+01
2.009797286987304688e+01
2.009799003601074219e+01
2.006935119628906250e+01
2.001734924316406250e+01
1.993527793884277344e+01
1.990684700012207031e+01
1.997060585021972656e+01
1.996170043945312500e+01
1.995522880554199219e+01
1.992097282409667969e+01
1.986512565612792969e+01
1.978182411193847656e+01
1.975591278076171875e+01
1.971867942810058594e+01
1.973995971679687500e+01
1.968176078796386719e+01
1.967831420898437500e+01
1.967825698852539062e+01
1.967271232604980469e+01
1.972527694702148438e+01
1.970859718322753906e+01
1.969506263732910156e+01
1.966966247558593750e+01
1.962673759460449219e+01
1.957645606994628906e+01
1.955937004089355469e+01
1.951838684082031250e+01
1.955114555358886719e+01
1.950131416320800781e+01
1.952481460571289062e+01
1.954832839965820312e+01
1.955157089233398438e+01
1.961023902893066406e+01
1.954332160949707031e+01
1.949818420410156250e+01
1.944579696655273438e+01
1.939425849914550781e+01
1.928453445434570312e+01
1.923824310302734375e+01
1.926152038574218750e+01
1.927227592468261719e+01
1.924308776855468750e+01
1.916886329650878906e+01
1.914304924011230469e+01
1.912986183166503906e+01
1.913732337951660156e+01
1.916471672058105469e+01
1.916300010681152344e+01
1.917430305480957031e+01
1.919380569458007812e+01
1.916830825805664062e+01
1.913705635070800781e+01
1.920209121704101562e+01
1.912802886962890625e+01
1.918497085571289062e+01
1.916753578186035156e+01
1.920588302612304688e+01
1.914121246337890625e+01
1.915375328063964844e+01
