1.708099937438964844e+01
1.686127471923828125e+01
1.665043067932128906e+01
1.715602874755859375e+01
1.685572433471679688e+01
1.658305931091308594e+01
1.627502250671386719e+01
1.610770416259765625e+01
1.668738555908203125e+01
1.655638694763183594e+01
1.707530593872070312e+01
1.694232559204101562e+01
1.702637481689453125e+01
1.719258117675781250e+01
1.726926040649414062e+01
1.741815948486328125e+01
1.727498626708984375e+01
1.748328781127929688e+01
1.760221481323242188e+01
1.756241226196289062e+01
1.739113616943359375e+01
1.747963523864746094e+01
1.739822769165039062e+01
1.715726470947265625e+01
1.690410041809082031e+01
1.673310852050781250e+01
1.686129188537597656e+01
1.693477249145507812e+01
1.713514709472656250e+01
1.707271385192871094e+01
1.705701828002929688e+01
1.706227684020996094e+01
1.717168998718261719e+01
1.701628875732421875e+01
1.708076858520507812e+01
1.687197303771972656e+01
1.666768264770507812e+01
1.696389770507812500e+01
1.694614410400390625e+01
1.683045578002929688e+01
1.674704551696777344e+01
1.662911987304687500e+01
1.656079292297363281e+01
1.637478637695312500e+01
1.635960006713867188e+01
1.620227813720703125e+01
1.619603347778320312e+01
1.607116508483886719e+01
1.602968978881835938e+01
1.608226776123046875e+01
1.611717605590820312e+01
1.615079498291015625e+01
1.608845138549804688e+01
1.617466163635253906e+01
1.684145736694335938e+01
1.681933593750000000e+01
1.671383285522460938e+01
1.691596984863281250e+01
1.650490570068359375e+01
1.672702980041503906e+01
1.644416999816894531e+01
1.648591804504394531e+01
1.647074127197265625e+01
1.645602416992187500e+01
1.643239212036132812e+01
1.621523094177246094e+01
1.652770233154296875e+01
1.662477684020996094e+01
1.646881294250488281e+01
1.648265075683593750e+01
1.615493202209472656e+01
1.579188632965087891e+01
1.559274482727050781e+01
1.533480453491210938e+01
1.516169834136962891e+01
1.500496006011962891e+01
1.589267539978027344e+01
1.585638713836669922e+01
1.633233451843261719e+01
1.675621032714843750e+01
1.669029426574707031e+01
1.669514656066894531e+01
1.701616668701171875e+01
1.668417358398437500e+01
1.638640403747558594e+01
1.610788726806640625e+01
1.609823608398437500e+01
1.587997817993164062e+01
1.606253814697265625e+01
1.605751609802246094e+01
1.598030281066894531e+01
