5.753159046173095703e+00
5.813810825347900391e+00
5.786137580871582031e+00
5.789435386657714844e+00
5.726175785064697266e+00
5.801446914672851562e+00
5.698632240295410156e+00
5.992122173309326172e+00
6.083209991455078125e+00
6.400284290313720703e+00
6.743355274200439453e+00
6.906979084014892578e+00
7.063810825347900391e+00
7.064064979553222656e+00
7.151648521423339844e+00
7.183722496032714844e+00
7.154713630676269531e+00
7.275626182556152344e+00
7.110361576080322266e+00
7.394965171813964844e+00
7.284322738647460938e+00
7.188515663146972656e+00
7.254831790924072266e+00
7.161131858825683594e+00
6.989763259887695312e+00
6.876556396484375000e+00
6.805224418640136719e+00
6.719802379608154297e+00
6.736227512359619141e+00
6.683301448822021484e+00
6.633583545684814453e+00
6.579760551452636719e+00
6.562011718750000000e+00
6.607873439788818359e+00
6.531736373901367188e+00
6.685712814331054688e+00
6.627149581909179688e+00
6.785934448242187500e+00
6.776287078857421875e+00
6.789162635803222656e+00
6.743067264556884766e+00
6.922279357910156250e+00
6.999179840087890625e+00
6.847215175628662109e+00
6.969821929931640625e+00
7.134570121765136719e+00
7.258912086486816406e+00
7.160703182220458984e+00
6.945558547973632812e+00
7.058288097381591797e+00
7.064909934997558594e+00
7.216790199279785156e+00
7.150108337402343750e+00
7.018344879150390625e+00
7.011614322662353516e+00
6.859868049621582031e+00
6.703638076782226562e+00
6.699605941772460938e+00
6.651276111602783203e+00
6.622886180877685547e+00
6.592270851135253906e+00
6.654529571533203125e+00
6.610245704650878906e+00
6.620933055877685547e+00
6.777342319488525391e+00
6.813144207000732422e+00
6.756519317626953125e+00
6.606124877929687500e+00
6.543984413146972656e+00
6.322491645812988281e+00
6.318009376525878906e+00
6.185668945312500000e+00
6.199960231781005859e+00
6.063033103942871094e+00
5.992938518524169922e+00
5.890265464782714844e+00
5.957789897918701172e+00
6.152105808258056641e+00
6.185474872589111328e+00
6.227728366851806641e+00
6.310688018798828125e+00
6.481760978698730469e+00
6.496215820312500000e+00
6.356319904327392578e+00
6.398649215698242188e+00
6.232405662536621094e+00
6.346539974212646484e+00
6.272186279296875000e+00
6.451956272125244141e+00
6.337276458740234375e+00
6.304642677307128906e+00
