2.798318099975585938e+01
2.796391868591308594e+01
2.797937393188476562e+01
2.786503028869628906e+01
2.771985626220703125e+01
2.772368240356445312e+01
2.780990028381347656e+01
2.800201225280761719e+01
2.807298851013183594e+01
2.809680747985839844e+01
2.891151237487792969e+01
2.926197624206542969e+01
2.960326957702636719e+01
2.954717636108398438e+01
2.984703826904296875e+01
2.988995933532714844e+01
2.953376388549804688e+01
2.961420440673828125e+01
3.002668190002441406e+01
3.061480903625488281e+01
3.078245735168457031e+01
3.080758476257324219e+01
3.102099609375000000e+01
3.098752784729003906e+01
3.091601753234863281e+01
3.085849189758300781e+01
3.107791709899902344e+01
3.104040527343750000e+01
3.091215896606445312e+01
3.103253364562988281e+01
3.086633682250976562e+01
3.047375297546386719e+01
2.995489883422851562e+01
2.958705902099609375e+01
2.916911888122558594e+01
2.889913368225097656e+01
2.864299201965332031e+01
2.879383850097656250e+01
2.863844299316406250e+01
2.873327064514160156e+01
2.893828582763671875e+01
2.886371994018554688e+01
2.864484405517578125e+01
2.847808265686035156e+01
2.835265922546386719e+01
2.830398559570312500e+01
2.835372924804687500e+01
2.849341583251953125e+01
2.864107131958007812e+01
2.868174552917480469e+01
2.888358688354492188e+01
2.881022834777832031e+01
2.877474784851074219e+01
2.916440773010253906e+01
2.945826339721679688e+01
2.975888824462890625e+01
3.016620826721191406e+01
3.017404174804687500e+01
3.030671691894531250e+01
3.050621414184570312e+01
3.049813079833984375e+01
3.105244827270507812e+01
3.145479202270507812e+01
3.115565109252929688e+01
3.085719871520996094e+01
3.020683288574218750e+01
2.994531250000000000e+01
2.991989326477050781e+01
2.968457984924316406e+01
2.897401618957519531e+01
2.851679801940917969e+01
2.845295715332031250e+01
2.850241279602050781e+01
2.827893257141113281e+01
2.817355346679687500e+01
2.876279067993164062e+01
2.916689491271972656e+01
2.906445693969726562e+01
2.909261131286621094e+01
2.975650787353515625e+01
2.988713836669921875e+01
3.000076484680175781e+01
3.014688491821289062e+01
3.020090675354003906e+01
3.186510467529296875e+01
3.253739929199218750e+01
3.282524871826171875e+01
3.288286209106445312e+01
3.295928955078125000e+01
3.259286880493164062e+01
3.191876220703125000e+01
